1 1 1 1   5.00000000000E+002  5.00000000000E+002  8.18641656915E+002  2.70750769221E+002  1.50000000000E+003
1 1 1 5   5.00000000000E+002  5.00000000000E+002  8.25626297770E+002  2.70529687724E+002  1.48484848485E+003
1 1 1 9   5.00000000000E+002  5.00000000000E+002  8.32610938626E+002  2.70270965253E+002  1.46969696970E+003
1 1 1 13   5.00000000000E+002  5.00000000000E+002  8.39595579481E+002  2.69984439097E+002  1.45454545455E+003
1 1 1 17   5.00000000000E+002  5.00000000000E+002  8.46580220337E+002  2.69673867182E+002  1.43939393939E+003
1 1 1 21   5.00000000000E+002  5.00000000000E+002  8.53564861192E+002  2.69340900433E+002  1.42424242424E+003
1 1 1 25   5.00000000000E+002  5.00000000000E+002  8.60549502048E+002  2.68986267384E+002  1.40909090909E+003
1 1 1 29   5.00000000000E+002  5.00000000000E+002  8.67534142903E+002  2.68610612236E+002  1.39393939394E+003
1 1 1 33   5.00000000000E+002  5.00000000000E+002  8.74518783759E+002  2.68214622920E+002  1.37878787879E+003
1 1 1 37   5.00000000000E+002  5.00000000000E+002  8.81503424614E+002  2.67799291012E+002  1.36363636364E+003
1 1 1 41   5.00000000000E+002  5.00000000000E+002  8.88488065470E+002  2.67365842237E+002  1.34848484848E+003
1 1 1 45   5.00000000000E+002  5.00000000000E+002  8.95472706325E+002  2.66915811469E+002  1.33333333333E+003
1 1 1 49   5.00000000000E+002  5.00000000000E+002  9.02457347181E+002  2.66450933120E+002  1.31818181818E+003
1 1 1 53   5.00000000000E+002  5.00000000000E+002  9.09441988036E+002  2.65973149052E+002  1.30303030303E+003
1 1 1 57   5.00000000000E+002  5.00000000000E+002  9.16426628892E+002  2.65484507375E+002  1.28787878788E+003
1 1 1 61   5.00000000000E+002  5.00000000000E+002  9.23411269747E+002  2.64987151172E+002  1.27272727273E+003
1 1 1 65   5.00000000000E+002  5.00000000000E+002  9.30395910603E+002  2.64483239656E+002  1.25757575758E+003
1 1 1 69   5.00000000000E+002  5.00000000000E+002  9.37380551458E+002  2.63974935889E+002  1.24242424242E+003
1 1 1 73   5.00000000000E+002  5.00000000000E+002  9.44365192314E+002  2.63464350385E+002  1.22727272727E+003
1 1 1 77   5.00000000000E+002  5.00000000000E+002  9.51349833169E+002  2.62953533152E+002  1.21212121212E+003
1 1 1 81   5.00000000000E+002  5.00000000000E+002  9.58334474025E+002  2.62444435485E+002  1.19696969697E+003
1 1 1 85   5.00000000000E+002  5.00000000000E+002  9.65319114880E+002  2.61938906874E+002  1.18181818182E+003
1 1 1 89   5.00000000000E+002  5.00000000000E+002  9.72303755736E+002  2.61438670377E+002  1.16666666667E+003
1 1 1 93   5.00000000000E+002  5.00000000000E+002  9.79288396591E+002  2.60945323565E+002  1.15151515152E+003
1 1 1 97   5.00000000000E+002  5.00000000000E+002  9.86273037447E+002  2.60460323673E+002  1.13636363636E+003
1 1 1 101   5.00000000000E+002  5.00000000000E+002  9.93257678302E+002  2.59984991579E+002  1.12121212121E+003
1 1 1 105   5.00000000000E+002  5.00000000000E+002  1.00024231916E+003  2.59520503908E+002  1.10606060606E+003
1 1 1 109   5.00000000000E+002  5.00000000000E+002  1.00722696001E+003  2.59067899188E+002  1.09090909091E+003
1 1 1 113   5.00000000000E+002  5.00000000000E+002  1.01421160087E+003  2.58628074902E+002  1.07575757576E+003
1 1 1 117   5.00000000000E+002  5.00000000000E+002  1.02119624172E+003  2.58201795175E+002  1.06060606061E+003
1 1 1 121   5.00000000000E+002  5.00000000000E+002  1.02818088258E+003  2.57789691344E+002  1.04545454545E+003
1 1 1 125   5.00000000000E+002  5.00000000000E+002  1.03516552344E+003  2.57392270704E+002  1.03030303030E+003
1 1 1 129   5.00000000000E+002  5.00000000000E+002  1.04215016429E+003  2.57009919572E+002  1.01515151515E+003
1 1 1 133   5.00000000000E+002  5.00000000000E+002  1.04913480515E+003  2.56642912711E+002  1.00000000000E+003
1 1 1 137   5.00000000000E+002  5.00000000000E+002  1.05611944600E+003  2.56291418104E+002  9.84848484848E+002
1 1 1 141   5.00000000000E+002  5.00000000000E+002  1.06310408686E+003  2.55955506723E+002  9.69696969697E+002
1 1 1 145   5.00000000000E+002  5.00000000000E+002  1.07008872771E+003  2.55635158436E+002  9.54545454545E+002
1 1 1 149   5.00000000000E+002  5.00000000000E+002  1.07707336857E+003  2.55330271750E+002  9.39393939394E+002
1 1 1 153   5.00000000000E+002  5.00000000000E+002  1.08405800942E+003  2.55040670054E+002  9.24242424242E+002
1 1 1 157   5.00000000000E+002  5.00000000000E+002  1.09104265028E+003  2.54766111659E+002  9.09090909091E+002
1 1 1 161   5.00000000000E+002  5.00000000000E+002  1.09802729113E+003  2.54506295713E+002  8.93939393939E+002
1 1 1 165   5.00000000000E+002  5.00000000000E+002  1.10501193199E+003  2.54260871829E+002  8.78787878788E+002
1 1 1 169   5.00000000000E+002  5.00000000000E+002  1.11199657285E+003  2.54029445771E+002  8.63636363636E+002
1 1 1 173   5.00000000000E+002  5.00000000000E+002  1.11898121370E+003  2.53811588315E+002  8.48484848485E+002
1 1 1 177   5.00000000000E+002  5.00000000000E+002  1.12596585456E+003  2.53606840438E+002  8.33333333333E+002
1 1 1 181   5.00000000000E+002  5.00000000000E+002  1.13295049541E+003  2.53414721246E+002  8.18181818182E+002
1 1 1 185   5.00000000000E+002  5.00000000000E+002  1.13993513627E+003  2.53234732472E+002  8.03030303030E+002
1 1 1 189   5.00000000000E+002  5.00000000000E+002  1.14691977712E+003  2.53066365373E+002  7.87878787879E+002
1 1 1 193   5.00000000000E+002  5.00000000000E+002  1.15390441798E+003  2.52909104430E+002  7.72727272727E+002
1 1 1 197   5.00000000000E+002  5.00000000000E+002  1.16088905883E+003  2.52762433150E+002  7.57575757576E+002
1 1 1 201   5.00000000000E+002  5.00000000000E+002  1.16787369969E+003  2.52625837021E+002  7.42424242424E+002
1 1 1 205   5.00000000000E+002  5.00000000000E+002  1.17485834054E+003  2.52498807956E+002  7.27272727273E+002
1 1 1 209   5.00000000000E+002  5.00000000000E+002  1.18184298140E+003  2.52380846972E+002  7.12121212121E+002
1 1 1 213   5.00000000000E+002  5.00000000000E+002  1.18882762226E+003  2.52271467035E+002  6.96969696970E+002
1 1 1 217   5.00000000000E+002  5.00000000000E+002  1.19581226311E+003  2.52170195335E+002  6.81818181818E+002
1 1 1 221   5.00000000000E+002  5.00000000000E+002  1.20279690397E+003  2.52076575138E+002  6.66666666667E+002
1 1 1 225   5.00000000000E+002  5.00000000000E+002  1.20978154482E+003  2.51990167330E+002  6.51515151515E+002
1 1 1 229   5.00000000000E+002  5.00000000000E+002  1.21676618568E+003  2.51910551547E+002  6.36363636364E+002
1 1 1 233   5.00000000000E+002  5.00000000000E+002  1.22375082653E+003  2.51837327063E+002  6.21212121212E+002
1 1 1 237   5.00000000000E+002  5.00000000000E+002  1.23073546739E+003  2.51770113321E+002  6.06060606061E+002
1 1 1 241   5.00000000000E+002  5.00000000000E+002  1.23772010824E+003  2.51708550281E+002  5.90909090909E+002
1 1 1 245   5.00000000000E+002  5.00000000000E+002  1.24470474910E+003  2.51652298462E+002  5.75757575758E+002
1 1 1 249   5.00000000000E+002  5.00000000000E+002  1.25168938996E+003  2.51601038865E+002  5.60606060606E+002
1 1 1 253   5.00000000000E+002  5.00000000000E+002  1.25867403081E+003  2.51554472642E+002  5.45454545455E+002
1 1 1 257   5.00000000000E+002  5.00000000000E+002  1.26565867167E+003  2.51512320698E+002  5.30303030303E+002
1 1 1 261   5.00000000000E+002  5.00000000000E+002  1.27264331252E+003  2.51474323092E+002  5.15151515152E+002
1 1 1 265   5.00000000000E+002  5.00000000000E+002  1.27962795338E+003  2.51440238413E+002  5.00000000000E+002
1 1 1 269   5.00000000000E+002  5.00000000000E+002  1.28661259423E+003  2.51409842881E+002  4.84848484848E+002
1 1 1 273   5.00000000000E+002  5.00000000000E+002  1.29359723509E+003  2.51382929815E+002  4.69696969697E+002
1 1 1 277   5.00000000000E+002  5.00000000000E+002  1.30058187594E+003  2.51359308421E+002  4.54545454545E+002
1 1 1 281   5.00000000000E+002  5.00000000000E+002  1.30756651680E+003  2.51338803278E+002  4.39393939394E+002
1 1 1 285   5.00000000000E+002  5.00000000000E+002  1.31455115765E+003  2.51321252991E+002  4.24242424242E+002
1 1 1 289   5.00000000000E+002  5.00000000000E+002  1.32153579851E+003  2.51306509747E+002  4.09090909091E+002
1 1 1 293   5.00000000000E+002  5.00000000000E+002  1.32852043937E+003  2.51294437848E+002  3.93939393939E+002
1 1 1 297   5.00000000000E+002  5.00000000000E+002  1.33550508022E+003  2.51284913412E+002  3.78787878788E+002
1 1 1 301   5.00000000000E+002  5.00000000000E+002  1.34248972108E+003  2.51277822773E+002  3.63636363636E+002
1 1 1 305   5.00000000000E+002  5.00000000000E+002  1.34947436193E+003  2.51273062408E+002  3.48484848485E+002
1 1 1 309   5.00000000000E+002  5.00000000000E+002  1.35645900279E+003  2.51270537167E+002  3.33333333333E+002
1 1 1 313   5.00000000000E+002  5.00000000000E+002  1.36344364364E+003  2.51270160521E+002  3.18181818182E+002
1 1 1 317   5.00000000000E+002  5.00000000000E+002  1.37042828450E+003  2.51271852540E+002  3.03030303030E+002
1 1 1 321   5.00000000000E+002  5.00000000000E+002  1.37741292535E+003  2.51275540589E+002  2.87878787879E+002
1 1 1 325   5.00000000000E+002  5.00000000000E+002  1.38439756621E+003  2.51281156931E+002  2.72727272727E+002
1 1 1 329   5.00000000000E+002  5.00000000000E+002  1.39138220706E+003  2.51288640029E+002  2.57575757576E+002
1 1 1 333   5.00000000000E+002  5.00000000000E+002  1.39836684792E+003  2.51297931581E+002  2.42424242424E+002
1 1 1 337   5.00000000000E+002  5.00000000000E+002  1.40535148878E+003  2.51308978681E+002  2.27272727273E+002
1 1 1 341   5.00000000000E+002  5.00000000000E+002  1.41233612963E+003  2.51321729973E+002  2.12121212121E+002
1 1 1 345   5.00000000000E+002  5.00000000000E+002  1.41932077049E+003  2.51336139051E+002  1.96969696970E+002
1 1 1 349   5.00000000000E+002  5.00000000000E+002  1.42630541134E+003  2.51352159249E+002  1.81818181818E+002
1 1 1 353   5.00000000000E+002  5.00000000000E+002  1.43329005220E+003  2.51369748872E+002  1.66666666667E+002
1 1 1 357   5.00000000000E+002  5.00000000000E+002  1.44027469305E+003  2.51388863858E+002  1.51515151515E+002
1 1 1 361   5.00000000000E+002  5.00000000000E+002  1.44725933391E+003  2.51409465745E+002  1.36363636364E+002
1 1 1 365   5.00000000000E+002  5.00000000000E+002  1.45424397476E+003  2.51431510923E+002  1.21212121212E+002
1 1 1 369   5.00000000000E+002  5.00000000000E+002  1.46122861562E+003  2.51454962561E+002  1.06060606061E+002
1 1 1 373   5.00000000000E+002  5.00000000000E+002  1.46821325648E+003  2.51479773761E+002  9.09090909091E+001
1 1 1 377   5.00000000000E+002  5.00000000000E+002  1.47519789733E+003  2.51505903566E+002  7.57575757576E+001
1 1 1 381   5.00000000000E+002  5.00000000000E+002  1.48218253819E+003  2.51533284165E+002  6.06060606061E+001
1 1 1 385   5.00000000000E+002  5.00000000000E+002  1.48916717904E+003  2.51561825396E+002  4.54545454545E+001
1 1 1 389   5.00000000000E+002  5.00000000000E+002  1.49615181990E+003  2.51591303682E+002  3.03030303030E+001
1 1 1 393   5.00000000000E+002  5.00000000000E+002  1.50313646075E+003  2.51621195858E+002  1.51515151515E+001
1 1 1 397   5.00000000000E+002  5.00000000000E+002  1.51012110161E+003  2.51650000000E+002  0.00000000000E+000
27 2 1 1   5.00000000000E+002  5.00000000000E+002  8.15371105115E+002  2.70770769221E+002  6.77394187724E+002
27 2 1 5   5.00000000000E+002  5.00000000000E+002  8.22207156441E+002  2.70634422319E+002  6.70551822191E+002
27 2 1 9   5.00000000000E+002  5.00000000000E+002  8.29043207767E+002  2.70474732049E+002  6.63709456659E+002
27 2 1 13   5.00000000000E+002  5.00000000000E+002  8.35879259094E+002  2.70289861971E+002  6.56867091126E+002
27 2 1 17   5.00000000000E+002  5.00000000000E+002  8.42715310420E+002  2.70078747777E+002  6.50024725594E+002
27 2 1 21   5.00000000000E+002  5.00000000000E+002  8.49551361746E+002  2.69840991838E+002  6.43182360061E+002
27 2 1 25   5.00000000000E+002  5.00000000000E+002  8.56387413072E+002  2.69576742829E+002  6.36339994528E+002
27 2 1 29   5.00000000000E+002  5.00000000000E+002  8.63223464398E+002  2.69286581192E+002  6.29497628996E+002
27 2 1 33   5.00000000000E+002  5.00000000000E+002  8.70059515725E+002  2.68971420600E+002  6.22655263463E+002
27 2 1 37   5.00000000000E+002  5.00000000000E+002  8.76895567051E+002  2.68632428734E+002  6.15812897931E+002
27 2 1 41   5.00000000000E+002  5.00000000000E+002  8.83731618377E+002  2.68270966542E+002  6.08970532398E+002
27 2 1 45   5.00000000000E+002  5.00000000000E+002  8.90567669703E+002  2.67888543220E+002  6.02128166866E+002
27 2 1 49   5.00000000000E+002  5.00000000000E+002  8.97403721029E+002  2.67486783418E+002  5.95285801333E+002
27 2 1 53   5.00000000000E+002  5.00000000000E+002  9.04239772356E+002  2.67067403204E+002  5.88443435800E+002
27 2 1 57   5.00000000000E+002  5.00000000000E+002  9.11075823682E+002  2.66632191729E+002  5.81601070268E+002
27 2 1 61   5.00000000000E+002  5.00000000000E+002  9.17911875008E+002  2.66182996062E+002  5.74758704735E+002
27 2 1 65   5.00000000000E+002  5.00000000000E+002  9.24747926334E+002  2.65721707333E+002  5.67916339203E+002
27 2 1 69   5.00000000000E+002  5.00000000000E+002  9.31583977660E+002  2.65250246920E+002  5.61073973670E+002
27 2 1 73   5.00000000000E+002  5.00000000000E+002  9.38420028986E+002  2.64770551984E+002  5.54231608138E+002
27 2 1 77   5.00000000000E+002  5.00000000000E+002  9.45256080313E+002  2.64284560157E+002  5.47389242605E+002
27 2 1 81   5.00000000000E+002  5.00000000000E+002  9.52092131639E+002  2.63794193499E+002  5.40546877072E+002
27 2 1 85   5.00000000000E+002  5.00000000000E+002  9.58928182965E+002  2.63301342136E+002  5.33704511540E+002
27 2 1 89   5.00000000000E+002  5.00000000000E+002  9.65764234291E+002  2.62807848057E+002  5.26862146007E+002
27 2 1 93   5.00000000000E+002  5.00000000000E+002  9.72600285617E+002  2.62315489629E+002  5.20019780475E+002
27 2 1 97   5.00000000000E+002  5.00000000000E+002  9.79436336944E+002  2.61825967306E+002  5.13177414942E+002
27 2 1 101   5.00000000000E+002  5.00000000000E+002  9.86272388270E+002  2.61340890941E+002  5.06335049410E+002
27 2 1 105   5.00000000000E+002  5.00000000000E+002  9.93108439596E+002  2.60861768988E+002  4.99492683877E+002
27 2 1 109   5.00000000000E+002  5.00000000000E+002  9.99944490922E+002  2.60389999753E+002  4.92650318345E+002
27 2 1 113   5.00000000000E+002  5.00000000000E+002  1.00678054225E+003  2.59926864767E+002  4.85807952812E+002
27 2 1 117   5.00000000000E+002  5.00000000000E+002  1.01361659357E+003  2.59473524237E+002  4.78965587279E+002
27 2 1 121   5.00000000000E+002  5.00000000000E+002  1.02045264490E+003  2.59031014474E+002  4.72123221747E+002
27 2 1 125   5.00000000000E+002  5.00000000000E+002  1.02728869623E+003  2.58600247146E+002  4.65280856214E+002
27 2 1 129   5.00000000000E+002  5.00000000000E+002  1.03412474755E+003  2.58182010162E+002  4.58438490682E+002
27 2 1 133   5.00000000000E+002  5.00000000000E+002  1.04096079888E+003  2.57776969990E+002  4.51596125149E+002
27 2 1 137   5.00000000000E+002  5.00000000000E+002  1.04779685021E+003  2.57385675213E+002  4.44753759617E+002
27 2 1 141   5.00000000000E+002  5.00000000000E+002  1.05463290153E+003  2.57008561104E+002  4.37911394084E+002
27 2 1 145   5.00000000000E+002  5.00000000000E+002  1.06146895286E+003  2.56645955047E+002  4.31069028551E+002
27 2 1 149   5.00000000000E+002  5.00000000000E+002  1.06830500418E+003  2.56298082626E+002  4.24226663019E+002
27 2 1 153   5.00000000000E+002  5.00000000000E+002  1.07514105551E+003  2.55965074219E+002  4.17384297486E+002
27 2 1 157   5.00000000000E+002  5.00000000000E+002  1.08197710684E+003  2.55646971958E+002  4.10541931954E+002
27 2 1 161   5.00000000000E+002  5.00000000000E+002  1.08881315816E+003  2.55343736928E+002  4.03699566421E+002
27 2 1 165   5.00000000000E+002  5.00000000000E+002  1.09564920949E+003  2.55055256489E+002  3.96857200889E+002
27 2 1 169   5.00000000000E+002  5.00000000000E+002  1.10248526082E+003  2.54781351627E+002  3.90014835356E+002
27 2 1 173   5.00000000000E+002  5.00000000000E+002  1.10932131214E+003  2.54521784247E+002  3.83172469823E+002
27 2 1 177   5.00000000000E+002  5.00000000000E+002  1.11615736347E+003  2.54276264327E+002  3.76330104291E+002
27 2 1 181   5.00000000000E+002  5.00000000000E+002  1.12299341479E+003  2.54044456878E+002  3.69487738758E+002
27 2 1 185   5.00000000000E+002  5.00000000000E+002  1.12982946612E+003  2.53825988643E+002  3.62645373226E+002
27 2 1 189   5.00000000000E+002  5.00000000000E+002  1.13666551745E+003  2.53620454511E+002  3.55803007693E+002
27 2 1 193   5.00000000000E+002  5.00000000000E+002  1.14350156877E+003  2.53427423576E+002  3.48960642161E+002
27 2 1 197   5.00000000000E+002  5.00000000000E+002  1.15033762010E+003  2.53246444846E+002  3.42118276628E+002
27 2 1 201   5.00000000000E+002  5.00000000000E+002  1.15717367142E+003  2.53077052550E+002  3.35275911096E+002
27 2 1 205   5.00000000000E+002  5.00000000000E+002  1.16400972275E+003  2.52918771050E+002  3.28433545563E+002
27 2 1 209   5.00000000000E+002  5.00000000000E+002  1.17084577408E+003  2.52771119330E+002  3.21591180030E+002
27 2 1 213   5.00000000000E+002  5.00000000000E+002  1.17768182540E+003  2.52633615073E+002  3.14748814498E+002
27 2 1 217   5.00000000000E+002  5.00000000000E+002  1.18451787673E+003  2.52505778316E+002  3.07906448965E+002
27 2 1 221   5.00000000000E+002  5.00000000000E+002  1.19135392806E+003  2.52387134692E+002  3.01064083433E+002
27 2 1 225   5.00000000000E+002  5.00000000000E+002  1.19818997938E+003  2.52277218279E+002  2.94221717900E+002
27 2 1 229   5.00000000000E+002  5.00000000000E+002  1.20502603071E+003  2.52175574044E+002  2.87379352368E+002
27 2 1 233   5.00000000000E+002  5.00000000000E+002  1.21186208203E+003  2.52081759935E+002  2.80536986835E+002
27 2 1 237   5.00000000000E+002  5.00000000000E+002  1.21869813336E+003  2.51995348602E+002  2.73694621302E+002
27 2 1 241   5.00000000000E+002  5.00000000000E+002  1.22553418469E+003  2.51915928801E+002  2.66852255770E+002
27 2 1 245   5.00000000000E+002  5.00000000000E+002  1.23237023601E+003  2.51843106478E+002  2.60009890237E+002
27 2 1 249   5.00000000000E+002  5.00000000000E+002  1.23920628734E+003  2.51776505577E+002  2.53167524705E+002
27 2 1 253   5.00000000000E+002  5.00000000000E+002  1.24604233867E+003  2.51715768580E+002  2.46325159172E+002
27 2 1 257   5.00000000000E+002  5.00000000000E+002  1.25287838999E+003  2.51660556817E+002  2.39482793640E+002
27 2 1 261   5.00000000000E+002  5.00000000000E+002  1.25971444132E+003  2.51610550560E+002  2.32640428107E+002
27 2 1 265   5.00000000000E+002  5.00000000000E+002  1.26655049264E+003  2.51565448933E+002  2.25798062575E+002
27 2 1 269   5.00000000000E+002  5.00000000000E+002  1.27338654397E+003  2.51524969654E+002  2.18955697042E+002
27 2 1 273   5.00000000000E+002  5.00000000000E+002  1.28022259530E+003  2.51488848641E+002  2.12113331509E+002
27 2 1 277   5.00000000000E+002  5.00000000000E+002  1.28705864662E+003  2.51456839491E+002  2.05270965977E+002
27 2 1 281   5.00000000000E+002  5.00000000000E+002  1.29389469795E+003  2.51428712863E+002  1.98428600444E+002
27 2 1 285   5.00000000000E+002  5.00000000000E+002  1.30073074927E+003  2.51404255775E+002  1.91586234912E+002
27 2 1 289   5.00000000000E+002  5.00000000000E+002  1.30756680060E+003  2.51383270843E+002  1.84743869379E+002
27 2 1 293   5.00000000000E+002  5.00000000000E+002  1.31440285193E+003  2.51365575459E+002  1.77901503847E+002
27 2 1 297   5.00000000000E+002  5.00000000000E+002  1.32123890325E+003  2.51351000946E+002  1.71059138314E+002
27 2 1 301   5.00000000000E+002  5.00000000000E+002  1.32807495458E+003  2.51339391684E+002  1.64216772781E+002
27 2 1 305   5.00000000000E+002  5.00000000000E+002  1.33491100591E+003  2.51330604231E+002  1.57374407249E+002
27 2 1 309   5.00000000000E+002  5.00000000000E+002  1.34174705723E+003  2.51324506445E+002  1.50532041716E+002
27 2 1 313   5.00000000000E+002  5.00000000000E+002  1.34858310856E+003  2.51320976632E+002  1.43689676184E+002
27 2 1 317   5.00000000000E+002  5.00000000000E+002  1.35541915988E+003  2.51319902715E+002  1.36847310651E+002
27 2 1 321   5.00000000000E+002  5.00000000000E+002  1.36225521121E+003  2.51321181467E+002  1.30004945119E+002
27 2 1 325   5.00000000000E+002  5.00000000000E+002  1.36909126254E+003  2.51324717810E+002  1.23162579586E+002
27 2 1 329   5.00000000000E+002  5.00000000000E+002  1.37592731386E+003  2.51330424214E+002  1.16320214054E+002
27 2 1 333   5.00000000000E+002  5.00000000000E+002  1.38276336519E+003  2.51338220225E+002  1.09477848521E+002
27 2 1 337   5.00000000000E+002  5.00000000000E+002  1.38959941652E+003  2.51348032156E+002  1.02635482988E+002
27 2 1 341   5.00000000000E+002  5.00000000000E+002  1.39643546784E+003  2.51359792970E+002  9.57931174559E+001
27 2 1 345   5.00000000000E+002  5.00000000000E+002  1.40327151917E+003  2.51373442373E+002  8.89507519233E+001
27 2 1 349   5.00000000000E+002  5.00000000000E+002  1.41010757049E+003  2.51388927152E+002  8.21083863907E+001
27 2 1 353   5.00000000000E+002  5.00000000000E+002  1.41694362182E+003  2.51406201712E+002  7.52660208582E+001
27 2 1 357   5.00000000000E+002  5.00000000000E+002  1.42377967315E+003  2.51425228796E+002  6.84236553256E+001
27 2 1 361   5.00000000000E+002  5.00000000000E+002  1.43061572447E+003  2.51445980281E+002  6.15812897931E+001
27 2 1 365   5.00000000000E+002  5.00000000000E+002  1.43745177580E+003  2.51468437929E+002  5.47389242605E+001
27 2 1 369   5.00000000000E+002  5.00000000000E+002  1.44428782712E+003  2.51492593907E+002  4.78965587279E+001
27 2 1 373   5.00000000000E+002  5.00000000000E+002  1.45112387845E+003  2.51518450883E+002  4.10541931954E+001
27 2 1 377   5.00000000000E+002  5.00000000000E+002  1.45795992978E+003  2.51546021480E+002  3.42118276628E+001
27 2 1 381   5.00000000000E+002  5.00000000000E+002  1.46479598110E+003  2.51575326901E+002  2.73694621302E+001
27 2 1 385   5.00000000000E+002  5.00000000000E+002  1.47163203243E+003  2.51606394617E+002  2.05270965977E+001
27 2 1 389   5.00000000000E+002  5.00000000000E+002  1.47846808376E+003  2.51639255071E+002  1.36847310651E+001
27 2 1 393   5.00000000000E+002  5.00000000000E+002  1.48530413508E+003  2.51673937501E+002  6.84236553256E+000
27 2 1 397   5.00000000000E+002  5.00000000000E+002  1.49214018641E+003  2.51710465087E+002  0.00000000000E+000
53 3 1 1   5.00000000000E+002  5.00000000000E+002  8.21343746015E+002  2.70790769182E+002  6.54556522394E+002
53 3 1 5   5.00000000000E+002  5.00000000000E+002  8.27940897149E+002  2.70628470725E+002  6.47944840349E+002
53 3 1 9   5.00000000000E+002  5.00000000000E+002  8.34538048283E+002  2.70459870120E+002  6.41333158305E+002
53 3 1 13   5.00000000000E+002  5.00000000000E+002  8.41135199418E+002  2.70280284537E+002  6.34721476261E+002
53 3 1 17   5.00000000000E+002  5.00000000000E+002  8.47732350552E+002  2.70086237218E+002  6.28109794216E+002
53 3 1 21   5.00000000000E+002  5.00000000000E+002  8.54329501686E+002  2.69875218006E+002  6.21498112172E+002
53 3 1 25   5.00000000000E+002  5.00000000000E+002  8.60926652821E+002  2.69645485627E+002  6.14886430128E+002
53 3 1 29   5.00000000000E+002  5.00000000000E+002  8.67523803955E+002  2.69395916884E+002  6.08274748083E+002
53 3 1 33   5.00000000000E+002  5.00000000000E+002  8.74120955089E+002  2.69125893620E+002  6.01663066039E+002
53 3 1 37   5.00000000000E+002  5.00000000000E+002  8.80718106223E+002  2.68835218113E+002  5.95051383994E+002
53 3 1 41   5.00000000000E+002  5.00000000000E+002  8.87315257358E+002  2.68524049108E+002  5.88439701950E+002
53 3 1 45   5.00000000000E+002  5.00000000000E+002  8.93912408492E+002  2.68192851929E+002  5.81828019906E+002
53 3 1 49   5.00000000000E+002  5.00000000000E+002  9.00509559626E+002  2.67842357490E+002  5.75216337861E+002
53 3 1 53   5.00000000000E+002  5.00000000000E+002  9.07106710761E+002  2.67473526512E+002  5.68604655817E+002
53 3 1 57   5.00000000000E+002  5.00000000000E+002  9.13703861895E+002  2.67087516692E+002  5.61992973772E+002
53 3 1 61   5.00000000000E+002  5.00000000000E+002  9.20301013029E+002  2.66685651630E+002  5.55381291728E+002
53 3 1 65   5.00000000000E+002  5.00000000000E+002  9.26898164163E+002  2.66269391096E+002  5.48769609684E+002
53 3 1 69   5.00000000000E+002  5.00000000000E+002  9.33495315298E+002  2.65840302610E+002  5.42157927639E+002
53 3 1 73   5.00000000000E+002  5.00000000000E+002  9.40092466432E+002  2.65400034511E+002  5.35546245595E+002
53 3 1 77   5.00000000000E+002  5.00000000000E+002  9.46689617566E+002  2.64950290700E+002  5.28934563550E+002
53 3 1 81   5.00000000000E+002  5.00000000000E+002  9.53286768700E+002  2.64492807206E+002  5.22322881506E+002
53 3 1 85   5.00000000000E+002  5.00000000000E+002  9.59883919835E+002  2.64029330698E+002  5.15711199462E+002
53 3 1 89   5.00000000000E+002  5.00000000000E+002  9.66481070969E+002  2.63561598936E+002  5.09099517417E+002
53 3 1 93   5.00000000000E+002  5.00000000000E+002  9.73078222103E+002  2.63091323187E+002  5.02487835373E+002
53 3 1 97   5.00000000000E+002  5.00000000000E+002  9.79675373238E+002  2.62620172545E+002  4.95876153329E+002
53 3 1 101   5.00000000000E+002  5.00000000000E+002  9.86272524372E+002  2.62149760115E+002  4.89264471284E+002
53 3 1 105   5.00000000000E+002  5.00000000000E+002  9.92869675506E+002  2.61681630997E+002  4.82652789240E+002
53 3 1 109   5.00000000000E+002  5.00000000000E+002  9.99466826640E+002  2.61217252021E+002  4.76041107195E+002
53 3 1 113   5.00000000000E+002  5.00000000000E+002  1.00606397777E+003  2.60758003175E+002  4.69429425151E+002
53 3 1 117   5.00000000000E+002  5.00000000000E+002  1.01266112891E+003  2.60305170662E+002  4.62817743107E+002
53 3 1 121   5.00000000000E+002  5.00000000000E+002  1.01925828004E+003  2.59859941524E+002  4.56206061062E+002
53 3 1 125   5.00000000000E+002  5.00000000000E+002  1.02585543118E+003  2.59423399771E+002  4.49594379018E+002
53 3 1 129   5.00000000000E+002  5.00000000000E+002  1.03245258231E+003  2.58996523922E+002  4.42982696974E+002
53 3 1 133   5.00000000000E+002  5.00000000000E+002  1.03904973345E+003  2.58580185871E+002  4.36371014929E+002
53 3 1 137   5.00000000000E+002  5.00000000000E+002  1.04564688458E+003  2.58175150980E+002  4.29759332885E+002
53 3 1 141   5.00000000000E+002  5.00000000000E+002  1.05224403571E+003  2.57782079291E+002  4.23147650840E+002
53 3 1 145   5.00000000000E+002  5.00000000000E+002  1.05884118685E+003  2.57401527737E+002  4.16535968796E+002
53 3 1 149   5.00000000000E+002  5.00000000000E+002  1.06543833798E+003  2.57033953235E+002  4.09924286752E+002
53 3 1 153   5.00000000000E+002  5.00000000000E+002  1.07203548912E+003  2.56679716549E+002  4.03312604707E+002
53 3 1 157   5.00000000000E+002  5.00000000000E+002  1.07863264025E+003  2.56339086782E+002  3.96700922663E+002
53 3 1 161   5.00000000000E+002  5.00000000000E+002  1.08522979139E+003  2.56012246407E+002  3.90089240618E+002
53 3 1 165   5.00000000000E+002  5.00000000000E+002  1.09182694252E+003  2.55699296705E+002  3.83477558574E+002
53 3 1 169   5.00000000000E+002  5.00000000000E+002  1.09842409365E+003  2.55400263521E+002  3.76865876530E+002
53 3 1 173   5.00000000000E+002  5.00000000000E+002  1.10502124479E+003  2.55115103220E+002  3.70254194485E+002
53 3 1 177   5.00000000000E+002  5.00000000000E+002  1.11161839592E+003  2.54843708783E+002  3.63642512441E+002
53 3 1 181   5.00000000000E+002  5.00000000000E+002  1.11821554706E+003  2.54585915928E+002  3.57030830397E+002
53 3 1 185   5.00000000000E+002  5.00000000000E+002  1.12481269819E+003  2.54341509217E+002  3.50419148352E+002
53 3 1 189   5.00000000000E+002  5.00000000000E+002  1.13140984933E+003  2.54110228059E+002  3.43807466308E+002
53 3 1 193   5.00000000000E+002  5.00000000000E+002  1.13800700046E+003  2.53891772567E+002  3.37195784263E+002
53 3 1 197   5.00000000000E+002  5.00000000000E+002  1.14460415159E+003  2.53685809227E+002  3.30584102219E+002
53 3 1 201   5.00000000000E+002  5.00000000000E+002  1.15120130273E+003  2.53491976317E+002  3.23972420175E+002
53 3 1 205   5.00000000000E+002  5.00000000000E+002  1.15779845386E+003  2.53309889069E+002  3.17360738130E+002
53 3 1 209   5.00000000000E+002  5.00000000000E+002  1.16439560500E+003  2.53139144534E+002  3.10749056086E+002
53 3 1 213   5.00000000000E+002  5.00000000000E+002  1.17099275613E+003  2.52979326128E+002  3.04137374041E+002
53 3 1 217   5.00000000000E+002  5.00000000000E+002  1.17758990727E+003  2.52830007854E+002  2.97525691997E+002
53 3 1 221   5.00000000000E+002  5.00000000000E+002  1.18418705840E+003  2.52690758181E+002  2.90914009953E+002
53 3 1 225   5.00000000000E+002  5.00000000000E+002  1.19078420953E+003  2.52561143580E+002  2.84302327908E+002
53 3 1 229   5.00000000000E+002  5.00000000000E+002  1.19738136067E+003  2.52440731721E+002  2.77690645864E+002
53 3 1 233   5.00000000000E+002  5.00000000000E+002  1.20397851180E+003  2.52329094320E+002  2.71078963820E+002
53 3 1 237   5.00000000000E+002  5.00000000000E+002  1.21057566294E+003  2.52225809662E+002  2.64467281775E+002
53 3 1 241   5.00000000000E+002  5.00000000000E+002  1.21717281407E+003  2.52130464791E+002  2.57855599731E+002
53 3 1 245   5.00000000000E+002  5.00000000000E+002  1.22376996521E+003  2.52042657391E+002  2.51243917686E+002
53 3 1 249   5.00000000000E+002  5.00000000000E+002  1.23036711634E+003  2.51961997371E+002  2.44632235642E+002
53 3 1 253   5.00000000000E+002  5.00000000000E+002  1.23696426747E+003  2.51888108164E+002  2.38020553598E+002
53 3 1 257   5.00000000000E+002  5.00000000000E+002  1.24356141861E+003  2.51820627764E+002  2.31408871553E+002
53 3 1 261   5.00000000000E+002  5.00000000000E+002  1.25015856974E+003  2.51759209519E+002  2.24797189509E+002
53 3 1 265   5.00000000000E+002  5.00000000000E+002  1.25675572088E+003  2.51703522694E+002  2.18185507465E+002
53 3 1 269   5.00000000000E+002  5.00000000000E+002  1.26335287201E+003  2.51653252834E+002  2.11573825420E+002
53 3 1 273   5.00000000000E+002  5.00000000000E+002  1.26995002315E+003  2.51608101938E+002  2.04962143376E+002
53 3 1 277   5.00000000000E+002  5.00000000000E+002  1.27654717428E+003  2.51567788476E+002  1.98350461331E+002
53 3 1 281   5.00000000000E+002  5.00000000000E+002  1.28314432541E+003  2.51532047256E+002  1.91738779287E+002
53 3 1 285   5.00000000000E+002  5.00000000000E+002  1.28974147655E+003  2.51500629177E+002  1.85127097243E+002
53 3 1 289   5.00000000000E+002  5.00000000000E+002  1.29633862768E+003  2.51473300878E+002  1.78515415198E+002
53 3 1 293   5.00000000000E+002  5.00000000000E+002  1.30293577882E+003  2.51449844304E+002  1.71903733154E+002
53 3 1 297   5.00000000000E+002  5.00000000000E+002  1.30953292995E+003  2.51430056214E+002  1.65292051109E+002
53 3 1 301   5.00000000000E+002  5.00000000000E+002  1.31613008109E+003  2.51413747650E+002  1.58680369065E+002
53 3 1 305   5.00000000000E+002  5.00000000000E+002  1.32272723222E+003  2.51400743367E+002  1.52068687021E+002
53 3 1 309   5.00000000000E+002  5.00000000000E+002  1.32932438335E+003  2.51390881269E+002  1.45457004976E+002
53 3 1 313   5.00000000000E+002  5.00000000000E+002  1.33592153449E+003  2.51384011834E+002  1.38845322932E+002
53 3 1 317   5.00000000000E+002  5.00000000000E+002  1.34251868562E+003  2.51379997558E+002  1.32233640888E+002
53 3 1 321   5.00000000000E+002  5.00000000000E+002  1.34911583676E+003  2.51378712419E+002  1.25621958843E+002
53 3 1 325   5.00000000000E+002  5.00000000000E+002  1.35571298789E+003  2.51380041367E+002  1.19010276799E+002
53 3 1 329   5.00000000000E+002  5.00000000000E+002  1.36231013903E+003  2.51383879829E+002  1.12398594754E+002
53 3 1 333   5.00000000000E+002  5.00000000000E+002  1.36890729016E+003  2.51390133240E+002  1.05786912710E+002
53 3 1 337   5.00000000000E+002  5.00000000000E+002  1.37550444129E+003  2.51398716575E+002  9.91752306657E+001
53 3 1 341   5.00000000000E+002  5.00000000000E+002  1.38210159243E+003  2.51409553876E+002  9.25635486213E+001
53 3 1 345   5.00000000000E+002  5.00000000000E+002  1.38869874356E+003  2.51422577747E+002  8.59518665769E+001
53 3 1 349   5.00000000000E+002  5.00000000000E+002  1.39529589470E+003  2.51437728796E+002  7.93401845326E+001
53 3 1 353   5.00000000000E+002  5.00000000000E+002  1.40189304583E+003  2.51454955006E+002  7.27285024882E+001
53 3 1 357   5.00000000000E+002  5.00000000000E+002  1.40849019697E+003  2.51474210991E+002  6.61168204438E+001
53 3 1 361   5.00000000000E+002  5.00000000000E+002  1.41508734810E+003  2.51495457133E+002  5.95051383994E+001
53 3 1 365   5.00000000000E+002  5.00000000000E+002  1.42168449923E+003  2.51518658554E+002  5.28934563550E+001
53 3 1 369   5.00000000000E+002  5.00000000000E+002  1.42828165037E+003  2.51543783927E+002  4.62817743107E+001
53 3 1 373   5.00000000000E+002  5.00000000000E+002  1.43487880150E+003  2.51570804095E+002  3.96700922663E+001
53 3 1 377   5.00000000000E+002  5.00000000000E+002  1.44147595264E+003  2.51599690510E+002  3.30584102219E+001
53 3 1 381   5.00000000000E+002  5.00000000000E+002  1.44807310377E+003  2.51630413490E+002  2.64467281775E+001
53 3 1 385   5.00000000000E+002  5.00000000000E+002  1.45467025491E+003  2.51662940330E+002  1.98350461331E+001
53 3 1 389   5.00000000000E+002  5.00000000000E+002  1.46126740604E+003  2.51697233326E+002  1.32233640888E+001
53 3 1 393   5.00000000000E+002  5.00000000000E+002  1.46786455717E+003  2.51733247780E+002  6.61168204438E+000
53 3 1 397   5.00000000000E+002  5.00000000000E+002  1.47446170831E+003  2.51770930084E+002  0.00000000000E+000
79 4 1 1   5.00000000000E+002  5.00000000000E+002  8.41038643003E+002  2.70810769182E+002  6.17360457036E+002
79 4 1 5   5.00000000000E+002  5.00000000000E+002  8.47261863632E+002  2.70590041708E+002  6.11124492823E+002
79 4 1 9   5.00000000000E+002  5.00000000000E+002  8.53485084262E+002  2.70362088922E+002  6.04888528611E+002
79 4 1 13   5.00000000000E+002  5.00000000000E+002  8.59708304891E+002  2.70126482623E+002  5.98652564398E+002
79 4 1 17   5.00000000000E+002  5.00000000000E+002  8.65931525520E+002  2.69882446929E+002  5.92416600186E+002
79 4 1 21   5.00000000000E+002  5.00000000000E+002  8.72154746150E+002  2.69629025005E+002  5.86180635973E+002
79 4 1 25   5.00000000000E+002  5.00000000000E+002  8.78377966779E+002  2.69365194229E+002  5.79944671761E+002
79 4 1 29   5.00000000000E+002  5.00000000000E+002  8.84601187408E+002  2.69089963426E+002  5.73708707548E+002
79 4 1 33   5.00000000000E+002  5.00000000000E+002  8.90824408038E+002  2.68802454258E+002  5.67472743336E+002
79 4 1 37   5.00000000000E+002  5.00000000000E+002  8.97047628667E+002  2.68501963364E+002  5.61236779123E+002
79 4 1 41   5.00000000000E+002  5.00000000000E+002  9.03270849296E+002  2.68188003971E+002  5.55000814911E+002
79 4 1 45   5.00000000000E+002  5.00000000000E+002  9.09494069926E+002  2.67860328411E+002  5.48764850698E+002
79 4 1 49   5.00000000000E+002  5.00000000000E+002  9.15717290555E+002  2.67518934596E+002  5.42528886486E+002
79 4 1 53   5.00000000000E+002  5.00000000000E+002  9.21940511184E+002  2.67164059996E+002  5.36292922273E+002
79 4 1 57   5.00000000000E+002  5.00000000000E+002  9.28163731814E+002  2.66796166555E+002  5.30056958061E+002
79 4 1 61   5.00000000000E+002  5.00000000000E+002  9.34386952443E+002  2.66415919493E+002  5.23820993849E+002
79 4 1 65   5.00000000000E+002  5.00000000000E+002  9.40610173073E+002  2.66024162437E+002  5.17585029636E+002
79 4 1 69   5.00000000000E+002  5.00000000000E+002  9.46833393702E+002  2.65621890771E+002  5.11349065424E+002
79 4 1 73   5.00000000000E+002  5.00000000000E+002  9.53056614331E+002  2.65210224613E+002  5.05113101211E+002
79 4 1 77   5.00000000000E+002  5.00000000000E+002  9.59279834961E+002  2.64790382414E+002  4.98877136999E+002
79 4 1 81   5.00000000000E+002  5.00000000000E+002  9.65503055590E+002  2.64363655861E+002  4.92641172786E+002
79 4 1 85   5.00000000000E+002  5.00000000000E+002  9.71726276219E+002  2.63931386504E+002  4.86405208574E+002
79 4 1 89   5.00000000000E+002  5.00000000000E+002  9.77949496849E+002  2.63494944339E+002  4.80169244361E+002
79 4 1 93   5.00000000000E+002  5.00000000000E+002  9.84172717478E+002  2.63055708462E+002  4.73933280149E+002
79 4 1 97   5.00000000000E+002  5.00000000000E+002  9.90395938107E+002  2.62615049799E+002  4.67697315936E+002
79 4 1 101   5.00000000000E+002  5.00000000000E+002  9.96619158737E+002  2.62174315897E+002  4.61461351724E+002
79 4 1 105   5.00000000000E+002  5.00000000000E+002  1.00284237937E+003  2.61734817666E+002  4.55225387511E+002
79 4 1 109   5.00000000000E+002  5.00000000000E+002  1.00906560000E+003  2.61297818022E+002  4.48989423299E+002
79 4 1 113   5.00000000000E+002  5.00000000000E+002  1.01528882062E+003  2.60864522286E+002  4.42753459086E+002
79 4 1 117   5.00000000000E+002  5.00000000000E+002  1.02151204125E+003  2.60436070256E+002  4.36517494874E+002
79 4 1 121   5.00000000000E+002  5.00000000000E+002  1.02773526188E+003  2.60013529827E+002  4.30281530661E+002
79 4 1 125   5.00000000000E+002  5.00000000000E+002  1.03395848251E+003  2.59597892047E+002  4.24045566449E+002
79 4 1 129   5.00000000000E+002  5.00000000000E+002  1.04018170314E+003  2.59190067500E+002  4.17809602236E+002
79 4 1 133   5.00000000000E+002  5.00000000000E+002  1.04640492377E+003  2.58790883896E+002  4.11573638024E+002
79 4 1 137   5.00000000000E+002  5.00000000000E+002  1.05262814440E+003  2.58401084773E+002  4.05337673811E+002
79 4 1 141   5.00000000000E+002  5.00000000000E+002  1.05885136503E+003  2.58021329188E+002  3.99101709599E+002
79 4 1 145   5.00000000000E+002  5.00000000000E+002  1.06507458566E+003  2.57652192302E+002  3.92865745386E+002
79 4 1 149   5.00000000000E+002  5.00000000000E+002  1.07129780629E+003  2.57294166749E+002  3.86629781174E+002
79 4 1 153   5.00000000000E+002  5.00000000000E+002  1.07752102692E+003  2.56947664706E+002  3.80393816961E+002
79 4 1 157   5.00000000000E+002  5.00000000000E+002  1.08374424755E+003  2.56613020551E+002  3.74157852749E+002
79 4 1 161   5.00000000000E+002  5.00000000000E+002  1.08996746818E+003  2.56290494031E+002  3.67921888536E+002
79 4 1 165   5.00000000000E+002  5.00000000000E+002  1.09619068881E+003  2.55980273852E+002  3.61685924324E+002
79 4 1 169   5.00000000000E+002  5.00000000000E+002  1.10241390944E+003  2.55682481612E+002  3.55449960111E+002
79 4 1 173   5.00000000000E+002  5.00000000000E+002  1.10863713006E+003  2.55397176002E+002  3.49213995899E+002
79 4 1 177   5.00000000000E+002  5.00000000000E+002  1.11486035069E+003  2.55124357198E+002  3.42978031686E+002
79 4 1 181   5.00000000000E+002  5.00000000000E+002  1.12108357132E+003  2.54863971400E+002  3.36742067474E+002
79 4 1 185   5.00000000000E+002  5.00000000000E+002  1.12730679195E+003  2.54615915429E+002  3.30506103261E+002
79 4 1 189   5.00000000000E+002  5.00000000000E+002  1.13353001258E+003  2.54380041360E+002  3.24270139049E+002
79 4 1 193   5.00000000000E+002  5.00000000000E+002  1.13975323321E+003  2.54156161124E+002  3.18034174837E+002
79 4 1 197   5.00000000000E+002  5.00000000000E+002  1.14597645384E+003  2.53944051042E+002  3.11798210624E+002
79 4 1 201   5.00000000000E+002  5.00000000000E+002  1.15219967447E+003  2.53743456250E+002  3.05562246412E+002
79 4 1 205   5.00000000000E+002  5.00000000000E+002  1.15842289510E+003  2.53554094994E+002  2.99326282199E+002
79 4 1 209   5.00000000000E+002  5.00000000000E+002  1.16464611573E+003  2.53375662752E+002  2.93090317987E+002
79 4 1 213   5.00000000000E+002  5.00000000000E+002  1.17086933636E+003  2.53207836169E+002  2.86854353774E+002
79 4 1 217   5.00000000000E+002  5.00000000000E+002  1.17709255699E+003  2.53050276788E+002  2.80618389562E+002
79 4 1 221   5.00000000000E+002  5.00000000000E+002  1.18331577762E+003  2.52902634550E+002  2.74382425349E+002
79 4 1 225   5.00000000000E+002  5.00000000000E+002  1.18953899825E+003  2.52764551070E+002  2.68146461137E+002
79 4 1 229   5.00000000000E+002  5.00000000000E+002  1.19576221888E+003  2.52635662658E+002  2.61910496924E+002
79 4 1 233   5.00000000000E+002  5.00000000000E+002  1.20198543950E+003  2.52515603107E+002  2.55674532712E+002
79 4 1 237   5.00000000000E+002  5.00000000000E+002  1.20820866013E+003  2.52404006226E+002  2.49438568499E+002
79 4 1 241   5.00000000000E+002  5.00000000000E+002  1.21443188076E+003  2.52300508125E+002  2.43202604287E+002
79 4 1 245   5.00000000000E+002  5.00000000000E+002  1.22065510139E+003  2.52204749257E+002  2.36966640074E+002
79 4 1 249   5.00000000000E+002  5.00000000000E+002  1.22687832202E+003  2.52116376232E+002  2.30730675862E+002
79 4 1 253   5.00000000000E+002  5.00000000000E+002  1.23310154265E+003  2.52035043384E+002  2.24494711649E+002
79 4 1 257   5.00000000000E+002  5.00000000000E+002  1.23932476328E+003  2.51960414136E+002  2.18258747437E+002
79 4 1 261   5.00000000000E+002  5.00000000000E+002  1.24554798391E+003  2.51892162142E+002  2.12022783224E+002
79 4 1 265   5.00000000000E+002  5.00000000000E+002  1.25177120454E+003  2.51829972242E+002  2.05786819012E+002
79 4 1 269   5.00000000000E+002  5.00000000000E+002  1.25799442517E+003  2.51773541222E+002  1.99550854799E+002
79 4 1 273   5.00000000000E+002  5.00000000000E+002  1.26421764580E+003  2.51722578415E+002  1.93314890587E+002
79 4 1 277   5.00000000000E+002  5.00000000000E+002  1.27044086643E+003  2.51676806133E+002  1.87078926374E+002
79 4 1 281   5.00000000000E+002  5.00000000000E+002  1.27666408706E+003  2.51635959967E+002  1.80842962162E+002
79 4 1 285   5.00000000000E+002  5.00000000000E+002  1.28288730769E+003  2.51599788951E+002  1.74606997949E+002
79 4 1 289   5.00000000000E+002  5.00000000000E+002  1.28911052832E+003  2.51568055610E+002  1.68371033737E+002
79 4 1 293   5.00000000000E+002  5.00000000000E+002  1.29533374895E+003  2.51540535908E+002  1.62135069524E+002
79 4 1 297   5.00000000000E+002  5.00000000000E+002  1.30155696957E+003  2.51517019101E+002  1.55899105312E+002
79 4 1 301   5.00000000000E+002  5.00000000000E+002  1.30778019020E+003  2.51497307513E+002  1.49663141100E+002
79 4 1 305   5.00000000000E+002  5.00000000000E+002  1.31400341083E+003  2.51481216237E+002  1.43427176887E+002
79 4 1 309   5.00000000000E+002  5.00000000000E+002  1.32022663146E+003  2.51468572771E+002  1.37191212675E+002
79 4 1 313   5.00000000000E+002  5.00000000000E+002  1.32644985209E+003  2.51459216600E+002  1.30955248462E+002
79 4 1 317   5.00000000000E+002  5.00000000000E+002  1.33267307272E+003  2.51452998724E+002  1.24719284250E+002
79 4 1 321   5.00000000000E+002  5.00000000000E+002  1.33889629335E+003  2.51449781133E+002  1.18483320037E+002
79 4 1 325   5.00000000000E+002  5.00000000000E+002  1.34511951398E+003  2.51449436241E+002  1.12247355825E+002
79 4 1 329   5.00000000000E+002  5.00000000000E+002  1.35134273461E+003  2.51451846262E+002  1.06011391612E+002
79 4 1 333   5.00000000000E+002  5.00000000000E+002  1.35756595524E+003  2.51456902549E+002  9.97754273997E+001
79 4 1 337   5.00000000000E+002  5.00000000000E+002  1.36378917587E+003  2.51464504875E+002  9.35394631872E+001
79 4 1 341   5.00000000000E+002  5.00000000000E+002  1.37001239650E+003  2.51474560665E+002  8.73034989747E+001
79 4 1 345   5.00000000000E+002  5.00000000000E+002  1.37623561713E+003  2.51486984178E+002  8.10675347622E+001
79 4 1 349   5.00000000000E+002  5.00000000000E+002  1.38245883776E+003  2.51501695635E+002  7.48315705498E+001
79 4 1 353   5.00000000000E+002  5.00000000000E+002  1.38868205839E+003  2.51518620285E+002  6.85956063373E+001
79 4 1 357   5.00000000000E+002  5.00000000000E+002  1.39490527901E+003  2.51537687434E+002  6.23596421248E+001
79 4 1 361   5.00000000000E+002  5.00000000000E+002  1.40112849964E+003  2.51558829413E+002  5.61236779123E+001
79 4 1 365   5.00000000000E+002  5.00000000000E+002  1.40735172027E+003  2.51581980509E+002  4.98877136998E+001
79 4 1 369   5.00000000000E+002  5.00000000000E+002  1.41357494090E+003  2.51607075863E+002  4.36517494874E+001
79 4 1 373   5.00000000000E+002  5.00000000000E+002  1.41979816153E+003  2.51634050346E+002  3.74157852749E+001
79 4 1 377   5.00000000000E+002  5.00000000000E+002  1.42602138216E+003  2.51662837420E+002  3.11798210624E+001
79 4 1 381   5.00000000000E+002  5.00000000000E+002  1.43224460279E+003  2.51693368012E+002  2.49438568499E+001
79 4 1 385   5.00000000000E+002  5.00000000000E+002  1.43846782342E+003  2.51725569416E+002  1.87078926374E+001
79 4 1 389   5.00000000000E+002  5.00000000000E+002  1.44469104405E+003  2.51759364233E+002  1.24719284250E+001
79 4 1 393   5.00000000000E+002  5.00000000000E+002  1.45091426468E+003  2.51794669380E+002  6.23596421248E+000
79 4 1 397   5.00000000000E+002  5.00000000000E+002  1.45713748531E+003  2.51831395200E+002  0.00000000000E+000
105 5 1 1   5.00000000000E+002  5.00000000000E+002  8.39179098303E+002  2.70830769221E+002  6.00818708436E+002
105 5 1 5   5.00000000000E+002  5.00000000000E+002  8.45250124774E+002  2.70734672123E+002  5.94749832593E+002
105 5 1 9   5.00000000000E+002  5.00000000000E+002  8.51321151244E+002  2.70614182331E+002  5.88680956750E+002
105 5 1 13   5.00000000000E+002  5.00000000000E+002  8.57392177715E+002  2.70469542096E+002  5.82612080907E+002
105 5 1 17   5.00000000000E+002  5.00000000000E+002  8.63463204186E+002  2.70301552240E+002  5.76543205065E+002
105 5 1 21   5.00000000000E+002  5.00000000000E+002  8.69534230657E+002  2.70111373022E+002  5.70474329222E+002
105 5 1 25   5.00000000000E+002  5.00000000000E+002  8.75605257128E+002  2.69900347125E+002  5.64405453379E+002
105 5 1 29   5.00000000000E+002  5.00000000000E+002  8.81676283598E+002  2.69669859736E+002  5.58336577536E+002
105 5 1 33   5.00000000000E+002  5.00000000000E+002  8.87747310069E+002  2.69421239825E+002  5.52267701694E+002
105 5 1 37   5.00000000000E+002  5.00000000000E+002  8.93818336540E+002  2.69155700760E+002  5.46198825851E+002
105 5 1 41   5.00000000000E+002  5.00000000000E+002  8.99889363011E+002  2.68874314691E+002  5.40129950008E+002
105 5 1 45   5.00000000000E+002  5.00000000000E+002  9.05960389481E+002  2.68578013167E+002  5.34061074165E+002
105 5 1 49   5.00000000000E+002  5.00000000000E+002  9.12031415952E+002  2.68267605959E+002  5.27992198322E+002
105 5 1 53   5.00000000000E+002  5.00000000000E+002  9.18102442423E+002  2.67943810622E+002  5.21923322480E+002
105 5 1 57   5.00000000000E+002  5.00000000000E+002  9.24173468894E+002  2.67607286593E+002  5.15854446637E+002
105 5 1 61   5.00000000000E+002  5.00000000000E+002  9.30244495364E+002  2.67258669103E+002  5.09785570794E+002
105 5 1 65   5.00000000000E+002  5.00000000000E+002  9.36315521835E+002  2.66898599639E+002  5.03716694951E+002
105 5 1 69   5.00000000000E+002  5.00000000000E+002  9.42386548306E+002  2.66527751002E+002  4.97647819108E+002
105 5 1 73   5.00000000000E+002  5.00000000000E+002  9.48457574777E+002  2.66146846001E+002  4.91578943266E+002
105 5 1 77   5.00000000000E+002  5.00000000000E+002  9.54528601247E+002  2.65756669647E+002  4.85510067423E+002
105 5 1 81   5.00000000000E+002  5.00000000000E+002  9.60599627718E+002  2.65358075195E+002  4.79441191580E+002
105 5 1 85   5.00000000000E+002  5.00000000000E+002  9.66670654189E+002  2.64951984770E+002  4.73372315737E+002
105 5 1 89   5.00000000000E+002  5.00000000000E+002  9.72741680660E+002  2.64539385469E+002  4.67303439894E+002
105 5 1 93   5.00000000000E+002  5.00000000000E+002  9.78812707130E+002  2.64121321898E+002  4.61234564052E+002
105 5 1 97   5.00000000000E+002  5.00000000000E+002  9.84883733601E+002  2.63698886107E+002  4.55165688209E+002
105 5 1 101   5.00000000000E+002  5.00000000000E+002  9.90954760072E+002  2.63273205783E+002  4.49096812366E+002
105 5 1 105   5.00000000000E+002  5.00000000000E+002  9.97025786543E+002  2.62845431465E+002  4.43027936523E+002
105 5 1 109   5.00000000000E+002  5.00000000000E+002  1.00309681301E+003  2.62416723455E+002  4.36959060681E+002
105 5 1 113   5.00000000000E+002  5.00000000000E+002  1.00916783948E+003  2.61988238916E+002  4.30890184838E+002
105 5 1 117   5.00000000000E+002  5.00000000000E+002  1.01523886596E+003  2.61561119591E+002  4.24821308995E+002
105 5 1 121   5.00000000000E+002  5.00000000000E+002  1.02130989243E+003  2.61136480429E+002  4.18752433152E+002
105 5 1 125   5.00000000000E+002  5.00000000000E+002  1.02738091890E+003  2.60715399320E+002  4.12683557309E+002
105 5 1 129   5.00000000000E+002  5.00000000000E+002  1.03345194537E+003  2.60298908085E+002  4.06614681467E+002
105 5 1 133   5.00000000000E+002  5.00000000000E+002  1.03952297184E+003  2.59887984763E+002  4.00545805624E+002
105 5 1 137   5.00000000000E+002  5.00000000000E+002  1.04559399831E+003  2.59483547223E+002  3.94476929781E+002
105 5 1 141   5.00000000000E+002  5.00000000000E+002  1.05166502478E+003  2.59086448066E+002  3.88408053938E+002
105 5 1 145   5.00000000000E+002  5.00000000000E+002  1.05773605125E+003  2.58697470763E+002  3.82339178095E+002
105 5 1 149   5.00000000000E+002  5.00000000000E+002  1.06380707772E+003  2.58317326956E+002  3.76270302253E+002
105 5 1 153   5.00000000000E+002  5.00000000000E+002  1.06987810419E+003  2.57946654829E+002  3.70201426410E+002
105 5 1 157   5.00000000000E+002  5.00000000000E+002  1.07594913066E+003  2.57586018454E+002  3.64132550567E+002
105 5 1 161   5.00000000000E+002  5.00000000000E+002  1.08202015713E+003  2.57235908011E+002  3.58063674724E+002
105 5 1 165   5.00000000000E+002  5.00000000000E+002  1.08809118360E+003  2.56896740786E+002  3.51994798881E+002
105 5 1 169   5.00000000000E+002  5.00000000000E+002  1.09416221007E+003  2.56568862838E+002  3.45925923039E+002
105 5 1 173   5.00000000000E+002  5.00000000000E+002  1.10023323655E+003  2.56252551246E+002  3.39857047196E+002
105 5 1 177   5.00000000000E+002  5.00000000000E+002  1.10630426302E+003  2.55948016851E+002  3.33788171353E+002
105 5 1 181   5.00000000000E+002  5.00000000000E+002  1.11237528949E+003  2.55655407399E+002  3.27719295510E+002
105 5 1 185   5.00000000000E+002  5.00000000000E+002  1.11844631596E+003  2.55374811004E+002  3.21650419668E+002
105 5 1 189   5.00000000000E+002  5.00000000000E+002  1.12451734243E+003  2.55106259879E+002  3.15581543825E+002
105 5 1 193   5.00000000000E+002  5.00000000000E+002  1.13058836890E+003  2.54849734237E+002  3.09512667982E+002
105 5 1 197   5.00000000000E+002  5.00000000000E+002  1.13665939537E+003  2.54605166328E+002  3.03443792139E+002
105 5 1 201   5.00000000000E+002  5.00000000000E+002  1.14273042184E+003  2.54372444547E+002  2.97374916296E+002
105 5 1 205   5.00000000000E+002  5.00000000000E+002  1.14880144831E+003  2.54151417560E+002  2.91306040454E+002
105 5 1 209   5.00000000000E+002  5.00000000000E+002  1.15487247478E+003  2.53941898412E+002  2.85237164611E+002
105 5 1 213   5.00000000000E+002  5.00000000000E+002  1.16094350125E+003  2.53743668576E+002  2.79168288768E+002
105 5 1 217   5.00000000000E+002  5.00000000000E+002  1.16701452772E+003  2.53556481909E+002  2.73099412925E+002
105 5 1 221   5.00000000000E+002  5.00000000000E+002  1.17308555419E+003  2.53380068484E+002  2.67030537082E+002
105 5 1 225   5.00000000000E+002  5.00000000000E+002  1.17915658067E+003  2.53214138279E+002  2.60961661240E+002
105 5 1 229   5.00000000000E+002  5.00000000000E+002  1.18522760714E+003  2.53058384695E+002  2.54892785397E+002
105 5 1 233   5.00000000000E+002  5.00000000000E+002  1.19129863361E+003  2.52912487898E+002  2.48823909554E+002
105 5 1 237   5.00000000000E+002  5.00000000000E+002  1.19736966008E+003  2.52776117952E+002  2.42755033711E+002
105 5 1 241   5.00000000000E+002  5.00000000000E+002  1.20344068655E+003  2.52648937760E+002  2.36686157869E+002
105 5 1 245   5.00000000000E+002  5.00000000000E+002  1.20951171302E+003  2.52530605778E+002  2.30617282026E+002
105 5 1 249   5.00000000000E+002  5.00000000000E+002  1.21558273949E+003  2.52420778519E+002  2.24548406183E+002
105 5 1 253   5.00000000000E+002  5.00000000000E+002  1.22165376596E+003  2.52319112836E+002  2.18479530340E+002
105 5 1 257   5.00000000000E+002  5.00000000000E+002  1.22772479243E+003  2.52225267986E+002  2.12410654497E+002
105 5 1 261   5.00000000000E+002  5.00000000000E+002  1.23379581890E+003  2.52138907476E+002  2.06341778655E+002
105 5 1 265   5.00000000000E+002  5.00000000000E+002  1.23986684537E+003  2.52059700696E+002  2.00272902812E+002
105 5 1 269   5.00000000000E+002  5.00000000000E+002  1.24593787184E+003  2.51987324352E+002  1.94204026969E+002
105 5 1 273   5.00000000000E+002  5.00000000000E+002  1.25200889831E+003  2.51921463691E+002  1.88135151126E+002
105 5 1 277   5.00000000000E+002  5.00000000000E+002  1.25807992479E+003  2.51861813542E+002  1.82066275284E+002
105 5 1 281   5.00000000000E+002  5.00000000000E+002  1.26415095126E+003  2.51808079170E+002  1.75997399441E+002
105 5 1 285   5.00000000000E+002  5.00000000000E+002  1.27022197773E+003  2.51759976955E+002  1.69928523598E+002
105 5 1 289   5.00000000000E+002  5.00000000000E+002  1.27629300420E+003  2.51717234913E+002  1.63859647755E+002
105 5 1 293   5.00000000000E+002  5.00000000000E+002  1.28236403067E+003  2.51679593057E+002  1.57790771912E+002
105 5 1 297   5.00000000000E+002  5.00000000000E+002  1.28843505714E+003  2.51646803614E+002  1.51721896070E+002
105 5 1 301   5.00000000000E+002  5.00000000000E+002  1.29450608361E+003  2.51618631113E+002  1.45653020227E+002
105 5 1 305   5.00000000000E+002  5.00000000000E+002  1.30057711008E+003  2.51594852334E+002  1.39584144384E+002
105 5 1 309   5.00000000000E+002  5.00000000000E+002  1.30664813655E+003  2.51575256153E+002  1.33515268541E+002
105 5 1 313   5.00000000000E+002  5.00000000000E+002  1.31271916302E+003  2.51559643270E+002  1.27446392698E+002
105 5 1 317   5.00000000000E+002  5.00000000000E+002  1.31879018949E+003  2.51547825840E+002  1.21377516856E+002
105 5 1 321   5.00000000000E+002  5.00000000000E+002  1.32486121596E+003  2.51539627005E+002  1.15308641013E+002
105 5 1 325   5.00000000000E+002  5.00000000000E+002  1.33093224243E+003  2.51534880346E+002  1.09239765170E+002
105 5 1 329   5.00000000000E+002  5.00000000000E+002  1.33700326891E+003  2.51533429253E+002  1.03170889327E+002
105 5 1 333   5.00000000000E+002  5.00000000000E+002  1.34307429538E+003  2.51535126223E+002  9.71020134845E+001
105 5 1 337   5.00000000000E+002  5.00000000000E+002  1.34914532185E+003  2.51539832096E+002  9.10331376418E+001
105 5 1 341   5.00000000000E+002  5.00000000000E+002  1.35521634832E+003  2.51547415224E+002  8.49642617990E+001
105 5 1 345   5.00000000000E+002  5.00000000000E+002  1.36128737479E+003  2.51557750602E+002  7.88953859562E+001
105 5 1 349   5.00000000000E+002  5.00000000000E+002  1.36735840126E+003  2.51570718943E+002  7.28265101134E+001
105 5 1 353   5.00000000000E+002  5.00000000000E+002  1.37342942773E+003  2.51586205730E+002  6.67576342706E+001
105 5 1 357   5.00000000000E+002  5.00000000000E+002  1.37950045420E+003  2.51604100233E+002  6.06887584278E+001
105 5 1 361   5.00000000000E+002  5.00000000000E+002  1.38557148067E+003  2.51624294517E+002  5.46198825851E+001
105 5 1 365   5.00000000000E+002  5.00000000000E+002  1.39164250714E+003  2.51646682439E+002  4.85510067423E+001
105 5 1 369   5.00000000000E+002  5.00000000000E+002  1.39771353361E+003  2.51671158665E+002  4.24821308995E+001
105 5 1 373   5.00000000000E+002  5.00000000000E+002  1.40378456008E+003  2.51697617691E+002  3.64132550567E+001
105 5 1 377   5.00000000000E+002  5.00000000000E+002  1.40985558655E+003  2.51725952921E+002  3.03443792139E+001
105 5 1 381   5.00000000000E+002  5.00000000000E+002  1.41592661302E+003  2.51756055787E+002  2.42755033711E+001
105 5 1 385   5.00000000000E+002  5.00000000000E+002  1.42199763950E+003  2.51787814938E+002  1.82066275284E+001
105 5 1 389   5.00000000000E+002  5.00000000000E+002  1.42806866597E+003  2.51821115521E+002  1.21377516856E+001
105 5 1 393   5.00000000000E+002  5.00000000000E+002  1.43413969244E+003  2.51855838556E+002  6.06887584278E+000
105 5 1 397   5.00000000000E+002  5.00000000000E+002  1.44021071891E+003  2.51891860435E+002  0.00000000000E+000
130 6 1 1   5.00000000000E+002  5.00000000000E+002  8.17019590688E+002  2.70849999990E+002  6.07309290967E+002
130 6 1 5   5.00000000000E+002  5.00000000000E+002  8.23154160531E+002  2.70812290655E+002  6.01174853684E+002
130 6 1 9   5.00000000000E+002  5.00000000000E+002  8.29288730375E+002  2.70765173666E+002  5.95040416402E+002
130 6 1 13   5.00000000000E+002  5.00000000000E+002  8.35423300219E+002  2.70707086815E+002  5.88905979119E+002
130 6 1 17   5.00000000000E+002  5.00000000000E+002  8.41557870063E+002  2.70636475436E+002  5.82771541837E+002
130 6 1 21   5.00000000000E+002  5.00000000000E+002  8.47692439907E+002  2.70551853093E+002  5.76637104554E+002
130 6 1 25   5.00000000000E+002  5.00000000000E+002  8.53827009750E+002  2.70451854883E+002  5.70502667272E+002
130 6 1 29   5.00000000000E+002  5.00000000000E+002  8.59961579594E+002  2.70335281242E+002  5.64368229989E+002
130 6 1 33   5.00000000000E+002  5.00000000000E+002  8.66096149438E+002  2.70201131075E+002  5.58233792707E+002
130 6 1 37   5.00000000000E+002  5.00000000000E+002  8.72230719282E+002  2.70048623687E+002  5.52099355424E+002
130 6 1 41   5.00000000000E+002  5.00000000000E+002  8.78365289126E+002  2.69877209645E+002  5.45964918142E+002
130 6 1 45   5.00000000000E+002  5.00000000000E+002  8.84499858969E+002  2.69686571340E+002  5.39830480859E+002
130 6 1 49   5.00000000000E+002  5.00000000000E+002  8.90634428813E+002  2.69476614650E+002  5.33696043577E+002
130 6 1 53   5.00000000000E+002  5.00000000000E+002  8.96768998657E+002  2.69247453544E+002  5.27561606294E+002
130 6 1 57   5.00000000000E+002  5.00000000000E+002  9.02903568501E+002  2.68999389752E+002  5.21427169012E+002
130 6 1 61   5.00000000000E+002  5.00000000000E+002  9.09038138345E+002  2.68732889626E+002  5.15292731729E+002
130 6 1 65   5.00000000000E+002  5.00000000000E+002  9.15172708188E+002  2.68448560203E+002  5.09158294447E+002
130 6 1 69   5.00000000000E+002  5.00000000000E+002  9.21307278032E+002  2.68147126092E+002  5.03023857164E+002
130 6 1 73   5.00000000000E+002  5.00000000000E+002  9.27441847876E+002  2.67829408444E+002  4.96889419882E+002
130 6 1 77   5.00000000000E+002  5.00000000000E+002  9.33576417720E+002  2.67496306750E+002  4.90754982599E+002
130 6 1 81   5.00000000000E+002  5.00000000000E+002  9.39710987564E+002  2.67148783809E+002  4.84620545317E+002
130 6 1 85   5.00000000000E+002  5.00000000000E+002  9.45845557407E+002  2.66787853803E+002  4.78486108034E+002
130 6 1 89   5.00000000000E+002  5.00000000000E+002  9.51980127251E+002  2.66414573141E+002  4.72351670752E+002
130 6 1 93   5.00000000000E+002  5.00000000000E+002  9.58114697095E+002  2.66030033542E+002  4.66217233469E+002
130 6 1 97   5.00000000000E+002  5.00000000000E+002  9.64249266939E+002  2.65635356718E+002  4.60082796187E+002
130 6 1 101   5.00000000000E+002  5.00000000000E+002  9.70383836783E+002  2.65231690043E+002  4.53948358904E+002
130 6 1 105   5.00000000000E+002  5.00000000000E+002  9.76518406626E+002  2.64820202624E+002  4.47813921622E+002
130 6 1 109   5.00000000000E+002  5.00000000000E+002  9.82652976470E+002  2.64402081296E+002  4.41679484339E+002
130 6 1 113   5.00000000000E+002  5.00000000000E+002  9.88787546314E+002  2.63978526222E+002  4.35545047057E+002
130 6 1 117   5.00000000000E+002  5.00000000000E+002  9.94922116158E+002  2.63550745864E+002  4.29410609774E+002
130 6 1 121   5.00000000000E+002  5.00000000000E+002  1.00105668600E+003  2.63119951256E+002  4.23276172492E+002
130 6 1 125   5.00000000000E+002  5.00000000000E+002  1.00719125585E+003  2.62687349606E+002  4.17141735209E+002
130 6 1 129   5.00000000000E+002  5.00000000000E+002  1.01332582569E+003  2.62254137332E+002  4.11007297927E+002
130 6 1 133   5.00000000000E+002  5.00000000000E+002  1.01946039553E+003  2.61821492702E+002  4.04872860644E+002
130 6 1 137   5.00000000000E+002  5.00000000000E+002  1.02559496538E+003  2.61390568288E+002  3.98738423362E+002
130 6 1 141   5.00000000000E+002  5.00000000000E+002  1.03172953522E+003  2.60962483448E+002  3.92603986079E+002
130 6 1 145   5.00000000000E+002  5.00000000000E+002  1.03786410506E+003  2.60538317044E+002  3.86469548797E+002
130 6 1 149   5.00000000000E+002  5.00000000000E+002  1.04399867491E+003  2.60119100597E+002  3.80335111514E+002
130 6 1 153   5.00000000000E+002  5.00000000000E+002  1.05013324475E+003  2.59705812038E+002  3.74200674232E+002
130 6 1 157   5.00000000000E+002  5.00000000000E+002  1.05626781460E+003  2.59299370188E+002  3.68066236949E+002
130 6 1 161   5.00000000000E+002  5.00000000000E+002  1.06240238444E+003  2.58900630064E+002  3.61931799667E+002
130 6 1 165   5.00000000000E+002  5.00000000000E+002  1.06853695428E+003  2.58510379071E+002  3.55797362384E+002
130 6 1 169   5.00000000000E+002  5.00000000000E+002  1.07467152413E+003  2.58129334106E+002  3.49662925102E+002
130 6 1 173   5.00000000000E+002  5.00000000000E+002  1.08080609397E+003  2.57758139577E+002  3.43528487819E+002
130 6 1 177   5.00000000000E+002  5.00000000000E+002  1.08694066381E+003  2.57397366315E+002  3.37394050537E+002
130 6 1 181   5.00000000000E+002  5.00000000000E+002  1.09307523366E+003  2.57047511328E+002  3.31259613254E+002
130 6 1 185   5.00000000000E+002  5.00000000000E+002  1.09920980350E+003  2.56708998346E+002  3.25125175972E+002
130 6 1 189   5.00000000000E+002  5.00000000000E+002  1.10534437335E+003  2.56382179076E+002  3.18990738689E+002
130 6 1 193   5.00000000000E+002  5.00000000000E+002  1.11147894319E+003  2.56067335112E+002  3.12856301407E+002
130 6 1 197   5.00000000000E+002  5.00000000000E+002  1.11761351303E+003  2.55764680390E+002  3.06721864124E+002
130 6 1 201   5.00000000000E+002  5.00000000000E+002  1.12374808288E+003  2.55474364135E+002  3.00587426842E+002
130 6 1 205   5.00000000000E+002  5.00000000000E+002  1.12988265272E+003  2.55196474202E+002  2.94452989559E+002
130 6 1 209   5.00000000000E+002  5.00000000000E+002  1.13601722257E+003  2.54931040741E+002  2.88318552277E+002
130 6 1 213   5.00000000000E+002  5.00000000000E+002  1.14215179241E+003  2.54678040109E+002  2.82184114994E+002
130 6 1 217   5.00000000000E+002  5.00000000000E+002  1.14828636225E+003  2.54437398962E+002  2.76049677712E+002
130 6 1 221   5.00000000000E+002  5.00000000000E+002  1.15442093210E+003  2.54208998466E+002  2.69915240430E+002
130 6 1 225   5.00000000000E+002  5.00000000000E+002  1.16055550194E+003  2.53992678562E+002  2.63780803147E+002
130 6 1 229   5.00000000000E+002  5.00000000000E+002  1.16669007178E+003  2.53788242242E+002  2.57646365865E+002
130 6 1 233   5.00000000000E+002  5.00000000000E+002  1.17282464163E+003  2.53595459781E+002  2.51511928582E+002
130 6 1 237   5.00000000000E+002  5.00000000000E+002  1.17895921147E+003  2.53414072888E+002  2.45377491300E+002
130 6 1 241   5.00000000000E+002  5.00000000000E+002  1.18509378132E+003  2.53243798746E+002  2.39243054017E+002
130 6 1 245   5.00000000000E+002  5.00000000000E+002  1.19122835116E+003  2.53084333895E+002  2.33108616735E+002
130 6 1 249   5.00000000000E+002  5.00000000000E+002  1.19736292100E+003  2.52935357950E+002  2.26974179452E+002
130 6 1 253   5.00000000000E+002  5.00000000000E+002  1.20349749085E+003  2.52796537125E+002  2.20839742170E+002
130 6 1 257   5.00000000000E+002  5.00000000000E+002  1.20963206069E+003  2.52667527539E+002  2.14705304887E+002
130 6 1 261   5.00000000000E+002  5.00000000000E+002  1.21576663053E+003  2.52547978303E+002  2.08570867605E+002
130 6 1 265   5.00000000000E+002  5.00000000000E+002  1.22190120038E+003  2.52437534370E+002  2.02436430322E+002
130 6 1 269   5.00000000000E+002  5.00000000000E+002  1.22803577022E+003  2.52335839147E+002  1.96301993040E+002
130 6 1 273   5.00000000000E+002  5.00000000000E+002  1.23417034007E+003  2.52242536859E+002  1.90167555757E+002
130 6 1 277   5.00000000000E+002  5.00000000000E+002  1.24030490991E+003  2.52157274666E+002  1.84033118475E+002
130 6 1 281   5.00000000000E+002  5.00000000000E+002  1.24643947975E+003  2.52079704540E+002  1.77898681192E+002
130 6 1 285   5.00000000000E+002  5.00000000000E+002  1.25257404960E+003  2.52009484895E+002  1.71764243910E+002
130 6 1 289   5.00000000000E+002  5.00000000000E+002  1.25870861944E+003  2.51946281983E+002  1.65629806627E+002
130 6 1 293   5.00000000000E+002  5.00000000000E+002  1.26484318928E+003  2.51889771055E+002  1.59495369345E+002
130 6 1 297   5.00000000000E+002  5.00000000000E+002  1.27097775913E+003  2.51839637309E+002  1.53360932062E+002
130 6 1 301   5.00000000000E+002  5.00000000000E+002  1.27711232897E+003  2.51795576610E+002  1.47226494780E+002
130 6 1 305   5.00000000000E+002  5.00000000000E+002  1.28324689882E+003  2.51757296016E+002  1.41092057497E+002
130 6 1 309   5.00000000000E+002  5.00000000000E+002  1.28938146866E+003  2.51724514108E+002  1.34957620215E+002
130 6 1 313   5.00000000000E+002  5.00000000000E+002  1.29551603850E+003  2.51696961134E+002  1.28823182932E+002
130 6 1 317   5.00000000000E+002  5.00000000000E+002  1.30165060835E+003  2.51674378988E+002  1.22688745650E+002
130 6 1 321   5.00000000000E+002  5.00000000000E+002  1.30778517819E+003  2.51656521029E+002  1.16554308367E+002
130 6 1 325   5.00000000000E+002  5.00000000000E+002  1.31391974804E+003  2.51643151750E+002  1.10419871085E+002
130 6 1 329   5.00000000000E+002  5.00000000000E+002  1.32005431788E+003  2.51634046327E+002  1.04285433802E+002
130 6 1 333   5.00000000000E+002  5.00000000000E+002  1.32618888772E+003  2.51628990037E+002  9.81509965198E+001
130 6 1 337   5.00000000000E+002  5.00000000000E+002  1.33232345757E+003  2.51627777584E+002  9.20165592373E+001
130 6 1 341   5.00000000000E+002  5.00000000000E+002  1.33845802741E+003  2.51630212331E+002  8.58821219548E+001
130 6 1 345   5.00000000000E+002  5.00000000000E+002  1.34459259725E+003  2.51636105460E+002  7.97476846723E+001
130 6 1 349   5.00000000000E+002  5.00000000000E+002  1.35072716710E+003  2.51645275072E+002  7.36132473899E+001
130 6 1 353   5.00000000000E+002  5.00000000000E+002  1.35686173694E+003  2.51657545254E+002  6.74788101074E+001
130 6 1 357   5.00000000000E+002  5.00000000000E+002  1.36299630679E+003  2.51672745106E+002  6.13443728249E+001
130 6 1 361   5.00000000000E+002  5.00000000000E+002  1.36913087663E+003  2.51690707778E+002  5.52099355424E+001
130 6 1 365   5.00000000000E+002  5.00000000000E+002  1.37526544647E+003  2.51711269500E+002  4.90754982599E+001
130 6 1 369   5.00000000000E+002  5.00000000000E+002  1.38140001632E+003  2.51734268640E+002  4.29410609774E+001
130 6 1 373   5.00000000000E+002  5.00000000000E+002  1.38753458616E+003  2.51759544815E+002  3.68066236949E+001
130 6 1 377   5.00000000000E+002  5.00000000000E+002  1.39366915600E+003  2.51786938040E+002  3.06721864124E+001
130 6 1 381   5.00000000000E+002  5.00000000000E+002  1.39980372585E+003  2.51816287968E+002  2.45377491300E+001
130 6 1 385   5.00000000000E+002  5.00000000000E+002  1.40593829569E+003  2.51847433210E+002  1.84033118475E+001
130 6 1 389   5.00000000000E+002  5.00000000000E+002  1.41207286554E+003  2.51880210755E+002  1.22688745650E+001
130 6 1 393   5.00000000000E+002  5.00000000000E+002  1.41820743538E+003  2.51914455513E+002  6.13443728249E+000
130 6 1 397   5.00000000000E+002  5.00000000000E+002  1.42434200522E+003  2.51949999970E+002  0.00000000000E+000
