1 1 1 1   5.00000000000E+002  5.00000000000E+002  7.95378068223E+002  2.70950000000E+002  1.50000000000E+003
1 1 1 5   5.00000000000E+002  5.00000000000E+002  8.01387037835E+002  2.70887249970E+002  1.48484848485E+003
1 1 1 9   5.00000000000E+002  5.00000000000E+002  8.07396007447E+002  2.70822541537E+002  1.46969696970E+003
1 1 1 13   5.00000000000E+002  5.00000000000E+002  8.13404977059E+002  2.70755916702E+002  1.45454545455E+003
1 1 1 17   5.00000000000E+002  5.00000000000E+002  8.19413946671E+002  2.70686387582E+002  1.43939393939E+003
1 1 1 21   5.00000000000E+002  5.00000000000E+002  8.25422916283E+002  2.70612924226E+002  1.42424242424E+003
1 1 1 25   5.00000000000E+002  5.00000000000E+002  8.31431885895E+002  2.70534346431E+002  1.40909090909E+003
1 1 1 29   5.00000000000E+002  5.00000000000E+002  8.37440855507E+002  2.70449645895E+002  1.39393939394E+003
1 1 1 33   5.00000000000E+002  5.00000000000E+002  8.43449825119E+002  2.70357805879E+002  1.37878787879E+003
1 1 1 37   5.00000000000E+002  5.00000000000E+002  8.49458794731E+002  2.70257957742E+002  1.36363636364E+003
1 1 1 41   5.00000000000E+002  5.00000000000E+002  8.55467764343E+002  2.70149249650E+002  1.34848484848E+003
1 1 1 45   5.00000000000E+002  5.00000000000E+002  8.61476733955E+002  2.70030941380E+002  1.33333333333E+003
1 1 1 49   5.00000000000E+002  5.00000000000E+002  8.67485703567E+002  2.69902319863E+002  1.31818181818E+003
1 1 1 53   5.00000000000E+002  5.00000000000E+002  8.73494673179E+002  2.69762763331E+002  1.30303030303E+003
1 1 1 57   5.00000000000E+002  5.00000000000E+002  8.79503642791E+002  2.69611689095E+002  1.28787878788E+003
1 1 1 61   5.00000000000E+002  5.00000000000E+002  8.85512612403E+002  2.69448599447E+002  1.27272727273E+003
1 1 1 65   5.00000000000E+002  5.00000000000E+002  8.91521582015E+002  2.69273049753E+002  1.25757575758E+003
1 1 1 69   5.00000000000E+002  5.00000000000E+002  8.97530551626E+002  2.69084682068E+002  1.24242424242E+003
1 1 1 73   5.00000000000E+002  5.00000000000E+002  9.03539521238E+002  2.68883205345E+002  1.22727272727E+003
1 1 1 77   5.00000000000E+002  5.00000000000E+002  9.09548490850E+002  2.68668419953E+002  1.21212121212E+003
1 1 1 81   5.00000000000E+002  5.00000000000E+002  9.15557460462E+002  2.68440204615E+002  1.19696969697E+003
1 1 1 85   5.00000000000E+002  5.00000000000E+002  9.21566430074E+002  2.68198533693E+002  1.18181818182E+003
1 1 1 89   5.00000000000E+002  5.00000000000E+002  9.27575399686E+002  2.67943467412E+002  1.16666666667E+003
1 1 1 93   5.00000000000E+002  5.00000000000E+002  9.33584369298E+002  2.67675163168E+002  1.15151515152E+003
1 1 1 97   5.00000000000E+002  5.00000000000E+002  9.39593338910E+002  2.67393866916E+002  1.13636363636E+003
1 1 1 101   5.00000000000E+002  5.00000000000E+002  9.45602308522E+002  2.67099919479E+002  1.12121212121E+003
1 1 1 105   5.00000000000E+002  5.00000000000E+002  9.51611278134E+002  2.66793747924E+002  1.10606060606E+003
1 1 1 109   5.00000000000E+002  5.00000000000E+002  9.57620247746E+002  2.66475867727E+002  1.09090909091E+003
1 1 1 113   5.00000000000E+002  5.00000000000E+002  9.63629217358E+002  2.66146873600E+002  1.07575757576E+003
1 1 1 117   5.00000000000E+002  5.00000000000E+002  9.69638186970E+002  2.65807438326E+002  1.06060606061E+003
1 1 1 121   5.00000000000E+002  5.00000000000E+002  9.75647156582E+002  2.65458302931E+002  1.04545454545E+003
1 1 1 125   5.00000000000E+002  5.00000000000E+002  9.81656126194E+002  2.65100272999E+002  1.03030303030E+003
1 1 1 129   5.00000000000E+002  5.00000000000E+002  9.87665095806E+002  2.64734208339E+002  1.01515151515E+003
1 1 1 133   5.00000000000E+002  5.00000000000E+002  9.93674065418E+002  2.64361017572E+002  1.00000000000E+003
1 1 1 137   5.00000000000E+002  5.00000000000E+002  9.99683035030E+002  2.63981647609E+002  9.84848484848E+002
1 1 1 141   5.00000000000E+002  5.00000000000E+002  1.00569200464E+003  2.63597077241E+002  9.69696969697E+002
1 1 1 145   5.00000000000E+002  5.00000000000E+002  1.01170097425E+003  2.63208306817E+002  9.54545454545E+002
1 1 1 149   5.00000000000E+002  5.00000000000E+002  1.01770994387E+003  2.62816351487E+002  9.39393939394E+002
1 1 1 153   5.00000000000E+002  5.00000000000E+002  1.02371891348E+003  2.62422231565E+002  9.24242424242E+002
1 1 1 157   5.00000000000E+002  5.00000000000E+002  1.02972788309E+003  2.62026965689E+002  9.09090909091E+002
1 1 1 161   5.00000000000E+002  5.00000000000E+002  1.03573685270E+003  2.61631562269E+002  8.93939393939E+002
1 1 1 165   5.00000000000E+002  5.00000000000E+002  1.04174582231E+003  2.61237013435E+002  8.78787878788E+002
1 1 1 169   5.00000000000E+002  5.00000000000E+002  1.04775479193E+003  2.60844287408E+002  8.63636363636E+002
1 1 1 173   5.00000000000E+002  5.00000000000E+002  1.05376376154E+003  2.60454323484E+002  8.48484848485E+002
1 1 1 177   5.00000000000E+002  5.00000000000E+002  1.05977273115E+003  2.60068025667E+002  8.33333333333E+002
1 1 1 181   5.00000000000E+002  5.00000000000E+002  1.06578170076E+003  2.59686258813E+002  8.18181818182E+002
1 1 1 185   5.00000000000E+002  5.00000000000E+002  1.07179067037E+003  2.59309843604E+002  8.03030303030E+002
1 1 1 189   5.00000000000E+002  5.00000000000E+002  1.07779963999E+003  2.58939553913E+002  7.87878787879E+002
1 1 1 193   5.00000000000E+002  5.00000000000E+002  1.08380860960E+003  2.58576113127E+002  7.72727272727E+002
1 1 1 197   5.00000000000E+002  5.00000000000E+002  1.08981757921E+003  2.58220192708E+002  7.57575757576E+002
1 1 1 201   5.00000000000E+002  5.00000000000E+002  1.09582654882E+003  2.57872410034E+002  7.42424242424E+002
1 1 1 205   5.00000000000E+002  5.00000000000E+002  1.10183551843E+003  2.57533327159E+002  7.27272727273E+002
1 1 1 209   5.00000000000E+002  5.00000000000E+002  1.10784448805E+003  2.57203451761E+002  7.12121212121E+002
1 1 1 213   5.00000000000E+002  5.00000000000E+002  1.11385345766E+003  2.56883234685E+002  6.96969696970E+002
1 1 1 217   5.00000000000E+002  5.00000000000E+002  1.11986242727E+003  2.56573073561E+002  6.81818181818E+002
1 1 1 221   5.00000000000E+002  5.00000000000E+002  1.12587139688E+003  2.56273310509E+002  6.66666666667E+002
1 1 1 225   5.00000000000E+002  5.00000000000E+002  1.13188036649E+003  2.55984237004E+002  6.51515151515E+002
1 1 1 229   5.00000000000E+002  5.00000000000E+002  1.13788933611E+003  2.55706092101E+002  6.36363636364E+002
1 1 1 233   5.00000000000E+002  5.00000000000E+002  1.14389830572E+003  2.55439068355E+002  6.21212121212E+002
1 1 1 237   5.00000000000E+002  5.00000000000E+002  1.14990727533E+003  2.55183310389E+002  6.06060606061E+002
1 1 1 241   5.00000000000E+002  5.00000000000E+002  1.15591624494E+003  2.54938921800E+002  5.90909090909E+002
1 1 1 245   5.00000000000E+002  5.00000000000E+002  1.16192521455E+003  2.54705963854E+002  5.75757575758E+002
1 1 1 249   5.00000000000E+002  5.00000000000E+002  1.16793418417E+003  2.54484463358E+002  5.60606060606E+002
1 1 1 253   5.00000000000E+002  5.00000000000E+002  1.17394315378E+003  2.54274411246E+002  5.45454545455E+002
1 1 1 257   5.00000000000E+002  5.00000000000E+002  1.17995212339E+003  2.54075771682E+002  5.30303030303E+002
1 1 1 261   5.00000000000E+002  5.00000000000E+002  1.18596109300E+003  2.53888479584E+002  5.15151515152E+002
1 1 1 265   5.00000000000E+002  5.00000000000E+002  1.19197006261E+003  2.53712450906E+002  5.00000000000E+002
1 1 1 269   5.00000000000E+002  5.00000000000E+002  1.19797903223E+003  2.53547580523E+002  4.84848484848E+002
1 1 1 273   5.00000000000E+002  5.00000000000E+002  1.20398800184E+003  2.53393752597E+002  4.69696969697E+002
1 1 1 277   5.00000000000E+002  5.00000000000E+002  1.20999697145E+003  2.53250837517E+002  4.54545454545E+002
1 1 1 281   5.00000000000E+002  5.00000000000E+002  1.21600594106E+003  2.53118703859E+002  4.39393939394E+002
1 1 1 285   5.00000000000E+002  5.00000000000E+002  1.22201491067E+003  2.52997213375E+002  4.24242424242E+002
1 1 1 289   5.00000000000E+002  5.00000000000E+002  1.22802388028E+003  2.52886234969E+002  4.09090909091E+002
1 1 1 293   5.00000000000E+002  5.00000000000E+002  1.23403284990E+003  2.52785636870E+002  3.93939393939E+002
1 1 1 297   5.00000000000E+002  5.00000000000E+002  1.24004181951E+003  2.52695303289E+002  3.78787878788E+002
1 1 1 301   5.00000000000E+002  5.00000000000E+002  1.24605078912E+003  2.52615122563E+002  3.63636363636E+002
1 1 1 305   5.00000000000E+002  5.00000000000E+002  1.25205975873E+003  2.52545007522E+002  3.48484848485E+002
1 1 1 309   5.00000000000E+002  5.00000000000E+002  1.25806872834E+003  2.52484877909E+002  3.33333333333E+002
1 1 1 313   5.00000000000E+002  5.00000000000E+002  1.26407769796E+003  2.52434686045E+002  3.18181818182E+002
1 1 1 317   5.00000000000E+002  5.00000000000E+002  1.27008666757E+003  2.52394391110E+002  3.03030303030E+002
1 1 1 321   5.00000000000E+002  5.00000000000E+002  1.27609563718E+003  2.52363992580E+002  2.87878787879E+002
1 1 1 325   5.00000000000E+002  5.00000000000E+002  1.28210460679E+003  2.52343492860E+002  2.72727272727E+002
1 1 1 329   5.00000000000E+002  5.00000000000E+002  1.28811357640E+003  2.52332942392E+002  2.57575757576E+002
1 1 1 333   5.00000000000E+002  5.00000000000E+002  1.29412254602E+003  2.52332385406E+002  2.42424242424E+002
1 1 1 337   5.00000000000E+002  5.00000000000E+002  1.30013151563E+003  2.52341922861E+002  2.27272727273E+002
1 1 1 341   5.00000000000E+002  5.00000000000E+002  1.30614048524E+003  2.52361633358E+002  2.12121212121E+002
1 1 1 345   5.00000000000E+002  5.00000000000E+002  1.31214945485E+003  2.52391663681E+002  1.96969696970E+002
1 1 1 349   5.00000000000E+002  5.00000000000E+002  1.31815842446E+003  2.52432112502E+002  1.81818181818E+002
1 1 1 353   5.00000000000E+002  5.00000000000E+002  1.32416739408E+003  2.52483164088E+002  1.66666666667E+002
1 1 1 357   5.00000000000E+002  5.00000000000E+002  1.33017636369E+003  2.52544915052E+002  1.51515151515E+002
1 1 1 361   5.00000000000E+002  5.00000000000E+002  1.33618533330E+003  2.52617576130E+002  1.36363636364E+002
1 1 1 365   5.00000000000E+002  5.00000000000E+002  1.34219430291E+003  2.52701209295E+002  1.21212121212E+002
1 1 1 369   5.00000000000E+002  5.00000000000E+002  1.34820327252E+003  2.52796036619E+002  1.06060606061E+002
1 1 1 373   5.00000000000E+002  5.00000000000E+002  1.35421224214E+003  2.52902029409E+002  9.09090909091E+001
1 1 1 377   5.00000000000E+002  5.00000000000E+002  1.36022121175E+003  2.53019377388E+002  7.57575757576E+001
1 1 1 381   5.00000000000E+002  5.00000000000E+002  1.36623018136E+003  2.53147802704E+002  6.06060606061E+001
1 1 1 385   5.00000000000E+002  5.00000000000E+002  1.37223915097E+003  2.53287203632E+002  4.54545454545E+001
1 1 1 389   5.00000000000E+002  5.00000000000E+002  1.37824812058E+003  2.53436283319E+002  3.03030303030E+001
1 1 1 393   5.00000000000E+002  5.00000000000E+002  1.38425709020E+003  2.53592894958E+002  1.51515151515E+001
1 1 1 397   5.00000000000E+002  5.00000000000E+002  1.39026605981E+003  2.53750000000E+002  0.00000000000E+000
27 2 1 1   5.00000000000E+002  5.00000000000E+002  8.19335898652E+002  2.70950000000E+002  5.56537387223E+002
27 2 1 5   5.00000000000E+002  5.00000000000E+002  8.24942562649E+002  2.70855459100E+002  5.50915797453E+002
27 2 1 9   5.00000000000E+002  5.00000000000E+002  8.30549226647E+002  2.70760218584E+002  5.45294207683E+002
27 2 1 13   5.00000000000E+002  5.00000000000E+002  8.36155890644E+002  2.70663390879E+002  5.39672617914E+002
27 2 1 17   5.00000000000E+002  5.00000000000E+002  8.41762554641E+002  2.70564065899E+002  5.34051028144E+002
27 2 1 21   5.00000000000E+002  5.00000000000E+002  8.47369218639E+002  2.70461325989E+002  5.28429438374E+002
27 2 1 25   5.00000000000E+002  5.00000000000E+002  8.52975882636E+002  2.70354260210E+002  5.22807848604E+002
27 2 1 29   5.00000000000E+002  5.00000000000E+002  8.58582546634E+002  2.70241977430E+002  5.17186258834E+002
27 2 1 33   5.00000000000E+002  5.00000000000E+002  8.64189210631E+002  2.70123618167E+002  5.11564669064E+002
27 2 1 37   5.00000000000E+002  5.00000000000E+002  8.69795874629E+002  2.69998365038E+002  5.05943079294E+002
27 2 1 41   5.00000000000E+002  5.00000000000E+002  8.75402538626E+002  2.69865451679E+002  5.00321489524E+002
27 2 1 45   5.00000000000E+002  5.00000000000E+002  8.81009202624E+002  2.69724170027E+002  4.94699899754E+002
27 2 1 49   5.00000000000E+002  5.00000000000E+002  8.86615866621E+002  2.69573876060E+002  4.89078309984E+002
27 2 1 53   5.00000000000E+002  5.00000000000E+002  8.92222530618E+002  2.69413994181E+002  4.83456720214E+002
27 2 1 57   5.00000000000E+002  5.00000000000E+002  8.97829194616E+002  2.69244020518E+002  4.77835130444E+002
27 2 1 61   5.00000000000E+002  5.00000000000E+002  9.03435858613E+002  2.69063525407E+002  4.72213540674E+002
27 2 1 65   5.00000000000E+002  5.00000000000E+002  9.09042522611E+002  2.68872155259E+002  4.66591950904E+002
27 2 1 69   5.00000000000E+002  5.00000000000E+002  9.14649186608E+002  2.68669633976E+002  4.60970361134E+002
27 2 1 73   5.00000000000E+002  5.00000000000E+002  9.20255850606E+002  2.68455763965E+002  4.55348771364E+002
27 2 1 77   5.00000000000E+002  5.00000000000E+002  9.25862514603E+002  2.68230426780E+002  4.49727181595E+002
27 2 1 81   5.00000000000E+002  5.00000000000E+002  9.31469178601E+002  2.67993583374E+002  4.44105591825E+002
27 2 1 85   5.00000000000E+002  5.00000000000E+002  9.37075842598E+002  2.67745273905E+002  4.38484002055E+002
27 2 1 89   5.00000000000E+002  5.00000000000E+002  9.42682506595E+002  2.67485617051E+002  4.32862412285E+002
27 2 1 93   5.00000000000E+002  5.00000000000E+002  9.48289170593E+002  2.67214808793E+002  4.27240822515E+002
27 2 1 97   5.00000000000E+002  5.00000000000E+002  9.53895834590E+002  2.66933120632E+002  4.21619232745E+002
27 2 1 101   5.00000000000E+002  5.00000000000E+002  9.59502498588E+002  2.66640897199E+002  4.15997642975E+002
27 2 1 105   5.00000000000E+002  5.00000000000E+002  9.65109162585E+002  2.66338553278E+002  4.10376053205E+002
27 2 1 109   5.00000000000E+002  5.00000000000E+002  9.70715826583E+002  2.66026570236E+002  4.04754463435E+002
27 2 1 113   5.00000000000E+002  5.00000000000E+002  9.76322490580E+002  2.65705491897E+002  3.99132873665E+002
27 2 1 117   5.00000000000E+002  5.00000000000E+002  9.81929154578E+002  2.65375919883E+002  3.93511283895E+002
27 2 1 121   5.00000000000E+002  5.00000000000E+002  9.87535818575E+002  2.65038508502E+002  3.87889694125E+002
27 2 1 125   5.00000000000E+002  5.00000000000E+002  9.93142482572E+002  2.64693959222E+002  3.82268104355E+002
27 2 1 129   5.00000000000E+002  5.00000000000E+002  9.98749146570E+002  2.64343014820E+002  3.76646514585E+002
27 2 1 133   5.00000000000E+002  5.00000000000E+002  1.00435581057E+003  2.63986453271E+002  3.71024924815E+002
27 2 1 137   5.00000000000E+002  5.00000000000E+002  1.00996247456E+003  2.63625081470E+002  3.65403335046E+002
27 2 1 141   5.00000000000E+002  5.00000000000E+002  1.01556913856E+003  2.63259728863E+002  3.59781745276E+002
27 2 1 145   5.00000000000E+002  5.00000000000E+002  1.02117580256E+003  2.62891241066E+002  3.54160155506E+002
27 2 1 149   5.00000000000E+002  5.00000000000E+002  1.02678246656E+003  2.62520473556E+002  3.48538565736E+002
27 2 1 153   5.00000000000E+002  5.00000000000E+002  1.03238913055E+003  2.62148285513E+002  3.42916975966E+002
27 2 1 157   5.00000000000E+002  5.00000000000E+002  1.03799579455E+003  2.61775533856E+002  3.37295386196E+002
27 2 1 161   5.00000000000E+002  5.00000000000E+002  1.04360245855E+003  2.61403067575E+002  3.31673796426E+002
27 2 1 165   5.00000000000E+002  5.00000000000E+002  1.04920912255E+003  2.61031722373E+002  3.26052206656E+002
27 2 1 169   5.00000000000E+002  5.00000000000E+002  1.05481578654E+003  2.60662315685E+002  3.20430616886E+002
27 2 1 173   5.00000000000E+002  5.00000000000E+002  1.06042245054E+003  2.60295642114E+002  3.14809027116E+002
27 2 1 177   5.00000000000E+002  5.00000000000E+002  1.06602911454E+003  2.59932469295E+002  3.09187437346E+002
27 2 1 181   5.00000000000E+002  5.00000000000E+002  1.07163577854E+003  2.59573534230E+002  3.03565847576E+002
27 2 1 185   5.00000000000E+002  5.00000000000E+002  1.07724244253E+003  2.59219540088E+002  2.97944257806E+002
27 2 1 189   5.00000000000E+002  5.00000000000E+002  1.08284910653E+003  2.58871153498E+002  2.92322668036E+002
27 2 1 193   5.00000000000E+002  5.00000000000E+002  1.08845577053E+003  2.58529002313E+002  2.86701078266E+002
27 2 1 197   5.00000000000E+002  5.00000000000E+002  1.09406243453E+003  2.58193673862E+002  2.81079488497E+002
27 2 1 201   5.00000000000E+002  5.00000000000E+002  1.09966909852E+003  2.57865713662E+002  2.75457898727E+002
27 2 1 205   5.00000000000E+002  5.00000000000E+002  1.10527576252E+003  2.57545624592E+002  2.69836308957E+002
27 2 1 209   5.00000000000E+002  5.00000000000E+002  1.11088242652E+003  2.57233866494E+002  2.64214719187E+002
27 2 1 213   5.00000000000E+002  5.00000000000E+002  1.11648909052E+003  2.56930856202E+002  2.58593129417E+002
27 2 1 217   5.00000000000E+002  5.00000000000E+002  1.12209575451E+003  2.56636967953E+002  2.52971539647E+002
27 2 1 221   5.00000000000E+002  5.00000000000E+002  1.12770241851E+003  2.56352534173E+002  2.47349949877E+002
27 2 1 225   5.00000000000E+002  5.00000000000E+002  1.13330908251E+003  2.56077846600E+002  2.41728360107E+002
27 2 1 229   5.00000000000E+002  5.00000000000E+002  1.13891574651E+003  2.55813157727E+002  2.36106770337E+002
27 2 1 233   5.00000000000E+002  5.00000000000E+002  1.14452241050E+003  2.55558682521E+002  2.30485180567E+002
27 2 1 237   5.00000000000E+002  5.00000000000E+002  1.15012907450E+003  2.55314600400E+002  2.24863590797E+002
27 2 1 241   5.00000000000E+002  5.00000000000E+002  1.15573573850E+003  2.55081057436E+002  2.19242001027E+002
27 2 1 245   5.00000000000E+002  5.00000000000E+002  1.16134240250E+003  2.54858168748E+002  2.13620411257E+002
27 2 1 249   5.00000000000E+002  5.00000000000E+002  1.16694906649E+003  2.54646021045E+002  2.07998821487E+002
27 2 1 253   5.00000000000E+002  5.00000000000E+002  1.17255573049E+003  2.54444675309E+002  2.02377231717E+002
27 2 1 257   5.00000000000E+002  5.00000000000E+002  1.17816239449E+003  2.54254169546E+002  1.96755641948E+002
27 2 1 261   5.00000000000E+002  5.00000000000E+002  1.18376905849E+003  2.54074521601E+002  1.91134052178E+002
27 2 1 265   5.00000000000E+002  5.00000000000E+002  1.18937572248E+003  2.53905731969E+002  1.85512462408E+002
27 2 1 269   5.00000000000E+002  5.00000000000E+002  1.19498238648E+003  2.53747786575E+002  1.79890872638E+002
27 2 1 273   5.00000000000E+002  5.00000000000E+002  1.20058905048E+003  2.53600659457E+002  1.74269282868E+002
27 2 1 277   5.00000000000E+002  5.00000000000E+002  1.20619571448E+003  2.53464315311E+002  1.68647693098E+002
27 2 1 281   5.00000000000E+002  5.00000000000E+002  1.21180237847E+003  2.53338711821E+002  1.63026103328E+002
27 2 1 285   5.00000000000E+002  5.00000000000E+002  1.21740904247E+003  2.53223801714E+002  1.57404513558E+002
27 2 1 289   5.00000000000E+002  5.00000000000E+002  1.22301570647E+003  2.53119534447E+002  1.51782923788E+002
27 2 1 293   5.00000000000E+002  5.00000000000E+002  1.22862237046E+003  2.53025857440E+002  1.46161334018E+002
27 2 1 297   5.00000000000E+002  5.00000000000E+002  1.23422903446E+003  2.52942716750E+002  1.40539744248E+002
27 2 1 301   5.00000000000E+002  5.00000000000E+002  1.23983569846E+003  2.52870057062E+002  1.34918154478E+002
27 2 1 305   5.00000000000E+002  5.00000000000E+002  1.24544236246E+003  2.52807820884E+002  1.29296564708E+002
27 2 1 309   5.00000000000E+002  5.00000000000E+002  1.25104902645E+003  2.52755946799E+002  1.23674974938E+002
27 2 1 313   5.00000000000E+002  5.00000000000E+002  1.25665569045E+003  2.52714366648E+002  1.18053385169E+002
27 2 1 317   5.00000000000E+002  5.00000000000E+002  1.26226235445E+003  2.52683001522E+002  1.12431795399E+002
27 2 1 321   5.00000000000E+002  5.00000000000E+002  1.26786901845E+003  2.52661756452E+002  1.06810205629E+002
27 2 1 325   5.00000000000E+002  5.00000000000E+002  1.27347568244E+003  2.52650513742E+002  1.01188615859E+002
27 2 1 329   5.00000000000E+002  5.00000000000E+002  1.27908234644E+003  2.52649124929E+002  9.55670260888E+001
27 2 1 333   5.00000000000E+002  5.00000000000E+002  1.28468901044E+003  2.52657401446E+002  8.99454363189E+001
27 2 1 337   5.00000000000E+002  5.00000000000E+002  1.29029567444E+003  2.52675104170E+002  8.43238465490E+001
27 2 1 341   5.00000000000E+002  5.00000000000E+002  1.29590233843E+003  2.52701932148E+002  7.87022567790E+001
27 2 1 345   5.00000000000E+002  5.00000000000E+002  1.30150900243E+003  2.52737510936E+002  7.30806670091E+001
27 2 1 349   5.00000000000E+002  5.00000000000E+002  1.30711566643E+003  2.52781381153E+002  6.74590772392E+001
27 2 1 353   5.00000000000E+002  5.00000000000E+002  1.31272233043E+003  2.52832987956E+002  6.18374874692E+001
27 2 1 357   5.00000000000E+002  5.00000000000E+002  1.31832899442E+003  2.52891672277E+002  5.62158976993E+001
27 2 1 361   5.00000000000E+002  5.00000000000E+002  1.32393565842E+003  2.52956664733E+002  5.05943079294E+001
27 2 1 365   5.00000000000E+002  5.00000000000E+002  1.32954232242E+003  2.53027083117E+002  4.49727181594E+001
27 2 1 369   5.00000000000E+002  5.00000000000E+002  1.33514898642E+003  2.53101934306E+002  3.93511283895E+001
27 2 1 373   5.00000000000E+002  5.00000000000E+002  1.34075565041E+003  2.53180121259E+002  3.37295386196E+001
27 2 1 377   5.00000000000E+002  5.00000000000E+002  1.34636231441E+003  2.53260455525E+002  2.81079488497E+001
27 2 1 381   5.00000000000E+002  5.00000000000E+002  1.35196897841E+003  2.53341675315E+002  2.24863590797E+001
27 2 1 385   5.00000000000E+002  5.00000000000E+002  1.35757564241E+003  2.53422468834E+002  1.68647693098E+001
27 2 1 389   5.00000000000E+002  5.00000000000E+002  1.36318230640E+003  2.53501502088E+002  1.12431795399E+001
27 2 1 393   5.00000000000E+002  5.00000000000E+002  1.36878897040E+003  2.53577450007E+002  5.62158976993E+000
27 2 1 397   5.00000000000E+002  5.00000000000E+002  1.37439563440E+003  2.53649029375E+002  0.00000000000E+000
53 3 1 1   5.00000000000E+002  5.00000000000E+002  8.41400444362E+002  2.70950000000E+002  5.18256574904E+002
53 3 1 5   5.00000000000E+002  5.00000000000E+002  8.46628780822E+002  2.70843202066E+002  5.13021660006E+002
53 3 1 9   5.00000000000E+002  5.00000000000E+002  8.51857117282E+002  2.70727500223E+002  5.07786745108E+002
53 3 1 13   5.00000000000E+002  5.00000000000E+002  8.57085453742E+002  2.70605297671E+002  5.02551830210E+002
53 3 1 17   5.00000000000E+002  5.00000000000E+002  8.62313790202E+002  2.70478034058E+002  4.97316915312E+002
53 3 1 21   5.00000000000E+002  5.00000000000E+002  8.67542126662E+002  2.70346421875E+002  4.92082000414E+002
53 3 1 25   5.00000000000E+002  5.00000000000E+002  8.72770463122E+002  2.70210625120E+002  4.86847085516E+002
53 3 1 29   5.00000000000E+002  5.00000000000E+002  8.77998799581E+002  2.70070422420E+002  4.81612170618E+002
53 3 1 33   5.00000000000E+002  5.00000000000E+002  8.83227136041E+002  2.69925349367E+002  4.76377255720E+002
53 3 1 37   5.00000000000E+002  5.00000000000E+002  8.88455472501E+002  2.69774811633E+002  4.71142340822E+002
53 3 1 41   5.00000000000E+002  5.00000000000E+002  8.93683808961E+002  2.69618167084E+002  4.65907425924E+002
53 3 1 45   5.00000000000E+002  5.00000000000E+002  8.98912145421E+002  2.69454780619E+002  4.60672511026E+002
53 3 1 49   5.00000000000E+002  5.00000000000E+002  9.04140481881E+002  2.69284057980E+002  4.55437596128E+002
53 3 1 53   5.00000000000E+002  5.00000000000E+002  9.09368818341E+002  2.69105464864E+002  4.50202681230E+002
53 3 1 57   5.00000000000E+002  5.00000000000E+002  9.14597154800E+002  2.68918536636E+002  4.44967766332E+002
53 3 1 61   5.00000000000E+002  5.00000000000E+002  9.19825491260E+002  2.68722882510E+002  4.39732851434E+002
53 3 1 65   5.00000000000E+002  5.00000000000E+002  9.25053827720E+002  2.68518186753E+002  4.34497936536E+002
53 3 1 69   5.00000000000E+002  5.00000000000E+002  9.30282164180E+002  2.68304208439E+002  4.29263021637E+002
53 3 1 73   5.00000000000E+002  5.00000000000E+002  9.35510500640E+002  2.68080780570E+002  4.24028106739E+002
53 3 1 77   5.00000000000E+002  5.00000000000E+002  9.40738837100E+002  2.67847808932E+002  4.18793191841E+002
53 3 1 81   5.00000000000E+002  5.00000000000E+002  9.45967173560E+002  2.67605270811E+002  4.13558276943E+002
53 3 1 85   5.00000000000E+002  5.00000000000E+002  9.51195510019E+002  2.67353213533E+002  4.08323362045E+002
53 3 1 89   5.00000000000E+002  5.00000000000E+002  9.56423846479E+002  2.67091752801E+002  4.03088447147E+002
53 3 1 93   5.00000000000E+002  5.00000000000E+002  9.61652182939E+002  2.66821070725E+002  3.97853532249E+002
53 3 1 97   5.00000000000E+002  5.00000000000E+002  9.66880519399E+002  2.66541413530E+002  3.92618617351E+002
53 3 1 101   5.00000000000E+002  5.00000000000E+002  9.72108855859E+002  2.66253088871E+002  3.87383702453E+002
53 3 1 105   5.00000000000E+002  5.00000000000E+002  9.77337192319E+002  2.65956462778E+002  3.82148787555E+002
53 3 1 109   5.00000000000E+002  5.00000000000E+002  9.82565528779E+002  2.65651956216E+002  3.76913872657E+002
53 3 1 113   5.00000000000E+002  5.00000000000E+002  9.87793865239E+002  2.65340041290E+002  3.71678957759E+002
53 3 1 117   5.00000000000E+002  5.00000000000E+002  9.93022201698E+002  2.65021237132E+002  3.66444042861E+002
53 3 1 121   5.00000000000E+002  5.00000000000E+002  9.98250538158E+002  2.64696105507E+002  3.61209127963E+002
53 3 1 125   5.00000000000E+002  5.00000000000E+002  1.00347887462E+003  2.64365246184E+002  3.55974213065E+002
53 3 1 129   5.00000000000E+002  5.00000000000E+002  1.00870721108E+003  2.64029292133E+002  3.50739298167E+002
53 3 1 133   5.00000000000E+002  5.00000000000E+002  1.01393554754E+003  2.63688904597E+002  3.45504383269E+002
53 3 1 137   5.00000000000E+002  5.00000000000E+002  1.01916388400E+003  2.63344768085E+002  3.40269468371E+002
53 3 1 141   5.00000000000E+002  5.00000000000E+002  1.02439222046E+003  2.62997585360E+002  3.35034553473E+002
53 3 1 145   5.00000000000E+002  5.00000000000E+002  1.02962055692E+003  2.62648072452E+002  3.29799638575E+002
53 3 1 149   5.00000000000E+002  5.00000000000E+002  1.03484889338E+003  2.62296953772E+002  3.24564723677E+002
53 3 1 153   5.00000000000E+002  5.00000000000E+002  1.04007722984E+003  2.61944957343E+002  3.19329808779E+002
53 3 1 157   5.00000000000E+002  5.00000000000E+002  1.04530556630E+003  2.61592810230E+002  3.14094893881E+002
53 3 1 161   5.00000000000E+002  5.00000000000E+002  1.05053390276E+003  2.61241234168E+002  3.08859978983E+002
53 3 1 165   5.00000000000E+002  5.00000000000E+002  1.05576223922E+003  2.60890941462E+002  3.03625064085E+002
53 3 1 169   5.00000000000E+002  5.00000000000E+002  1.06099057568E+003  2.60542631156E+002  2.98390149187E+002
53 3 1 173   5.00000000000E+002  5.00000000000E+002  1.06621891214E+003  2.60196985519E+002  2.93155234289E+002
53 3 1 177   5.00000000000E+002  5.00000000000E+002  1.07144724860E+003  2.59854666856E+002  2.87920319391E+002
53 3 1 181   5.00000000000E+002  5.00000000000E+002  1.07667558506E+003  2.59516314662E+002  2.82685404493E+002
53 3 1 185   5.00000000000E+002  5.00000000000E+002  1.08190392152E+003  2.59182543128E+002  2.77450489595E+002
53 3 1 189   5.00000000000E+002  5.00000000000E+002  1.08713225798E+003  2.58853939010E+002  2.72215574697E+002
53 3 1 193   5.00000000000E+002  5.00000000000E+002  1.09236059444E+003  2.58531059848E+002  2.66980659799E+002
53 3 1 197   5.00000000000E+002  5.00000000000E+002  1.09758893090E+003  2.58214432540E+002  2.61745744901E+002
53 3 1 201   5.00000000000E+002  5.00000000000E+002  1.10281726736E+003  2.57904552268E+002  2.56510830003E+002
53 3 1 205   5.00000000000E+002  5.00000000000E+002  1.10804560382E+003  2.57601881749E+002  2.51275915105E+002
53 3 1 209   5.00000000000E+002  5.00000000000E+002  1.11327394028E+003  2.57306850809E+002  2.46041000207E+002
53 3 1 213   5.00000000000E+002  5.00000000000E+002  1.11850227674E+003  2.57019856251E+002  2.40806085309E+002
53 3 1 217   5.00000000000E+002  5.00000000000E+002  1.12373061319E+003  2.56741262007E+002  2.35571170411E+002
53 3 1 221   5.00000000000E+002  5.00000000000E+002  1.12895894965E+003  2.56471399533E+002  2.30336255513E+002
53 3 1 225   5.00000000000E+002  5.00000000000E+002  1.13418728611E+003  2.56210568439E+002  2.25101340615E+002
53 3 1 229   5.00000000000E+002  5.00000000000E+002  1.13941562257E+003  2.55959037303E+002  2.19866425717E+002
53 3 1 233   5.00000000000E+002  5.00000000000E+002  1.14464395903E+003  2.55717044658E+002  2.14631510819E+002
53 3 1 237   5.00000000000E+002  5.00000000000E+002  1.14987229549E+003  2.55484800098E+002  2.09396595921E+002
53 3 1 241   5.00000000000E+002  5.00000000000E+002  1.15510063195E+003  2.55262485485E+002  2.04161681023E+002
53 3 1 245   5.00000000000E+002  5.00000000000E+002  1.16032896841E+003  2.55050256198E+002  1.98926766125E+002
53 3 1 249   5.00000000000E+002  5.00000000000E+002  1.16555730487E+003  2.54848242406E+002  1.93691851227E+002
53 3 1 253   5.00000000000E+002  5.00000000000E+002  1.17078564133E+003  2.54656550306E+002  1.88456936329E+002
53 3 1 257   5.00000000000E+002  5.00000000000E+002  1.17601397779E+003  2.54475263291E+002  1.83222021431E+002
53 3 1 261   5.00000000000E+002  5.00000000000E+002  1.18124231425E+003  2.54304443011E+002  1.77987106533E+002
53 3 1 265   5.00000000000E+002  5.00000000000E+002  1.18647065071E+003  2.54144130269E+002  1.72752191635E+002
53 3 1 269   5.00000000000E+002  5.00000000000E+002  1.19169898717E+003  2.53994345727E+002  1.67517276737E+002
53 3 1 273   5.00000000000E+002  5.00000000000E+002  1.19692732363E+003  2.53855090376E+002  1.62282361839E+002
53 3 1 277   5.00000000000E+002  5.00000000000E+002  1.20215566009E+003  2.53726345739E+002  1.57047446941E+002
53 3 1 281   5.00000000000E+002  5.00000000000E+002  1.20738399655E+003  2.53608073761E+002  1.51812532042E+002
53 3 1 285   5.00000000000E+002  5.00000000000E+002  1.21261233301E+003  2.53500216394E+002  1.46577617144E+002
53 3 1 289   5.00000000000E+002  5.00000000000E+002  1.21784066947E+003  2.53402694827E+002  1.41342702246E+002
53 3 1 293   5.00000000000E+002  5.00000000000E+002  1.22306900593E+003  2.53315408381E+002  1.36107787348E+002
53 3 1 297   5.00000000000E+002  5.00000000000E+002  1.22829734239E+003  2.53238233063E+002  1.30872872450E+002
53 3 1 301   5.00000000000E+002  5.00000000000E+002  1.23352567885E+003  2.53171019804E+002  1.25637957552E+002
53 3 1 305   5.00000000000E+002  5.00000000000E+002  1.23875401531E+003  2.53113592419E+002  1.20403042654E+002
53 3 1 309   5.00000000000E+002  5.00000000000E+002  1.24398235177E+003  2.53065745329E+002  1.15168127756E+002
53 3 1 313   5.00000000000E+002  5.00000000000E+002  1.24921068823E+003  2.53027241134E+002  1.09933212858E+002
53 3 1 317   5.00000000000E+002  5.00000000000E+002  1.25443902469E+003  2.52997808099E+002  1.04698297960E+002
53 3 1 321   5.00000000000E+002  5.00000000000E+002  1.25966736115E+003  2.52977137671E+002  9.94633830623E+001
53 3 1 325   5.00000000000E+002  5.00000000000E+002  1.26489569761E+003  2.52964882134E+002  9.42284681643E+001
53 3 1 329   5.00000000000E+002  5.00000000000E+002  1.27012403407E+003  2.52960652535E+002  8.89935532663E+001
53 3 1 333   5.00000000000E+002  5.00000000000E+002  1.27535237053E+003  2.52964017012E+002  8.37586383683E+001
53 3 1 337   5.00000000000E+002  5.00000000000E+002  1.28058070699E+003  2.52974499663E+002  7.85237234703E+001
53 3 1 341   5.00000000000E+002  5.00000000000E+002  1.28580904345E+003  2.52991580100E+002  7.32888085722E+001
53 3 1 345   5.00000000000E+002  5.00000000000E+002  1.29103737991E+003  2.53014693812E+002  6.80538936742E+001
53 3 1 349   5.00000000000E+002  5.00000000000E+002  1.29626571637E+003  2.53043233457E+002  6.28189787762E+001
53 3 1 353   5.00000000000E+002  5.00000000000E+002  1.30149405283E+003  2.53076551173E+002  5.75840638782E+001
53 3 1 357   5.00000000000E+002  5.00000000000E+002  1.30672238929E+003  2.53113961984E+002  5.23491489802E+001
53 3 1 361   5.00000000000E+002  5.00000000000E+002  1.31195072575E+003  2.53154748322E+002  4.71142340822E+001
53 3 1 365   5.00000000000E+002  5.00000000000E+002  1.31717906221E+003  2.53198165669E+002  4.18793191841E+001
53 3 1 369   5.00000000000E+002  5.00000000000E+002  1.32240739867E+003  2.53243449262E+002  3.66444042861E+001
53 3 1 373   5.00000000000E+002  5.00000000000E+002  1.32763573513E+003  2.53289821773E+002  3.14094893881E+001
53 3 1 377   5.00000000000E+002  5.00000000000E+002  1.33286407159E+003  2.53336501806E+002  2.61745744901E+001
53 3 1 381   5.00000000000E+002  5.00000000000E+002  1.33809240805E+003  2.53382713040E+002  2.09396595921E+001
53 3 1 385   5.00000000000E+002  5.00000000000E+002  1.34332074451E+003  2.53427693774E+002  1.57047446941E+001
53 3 1 389   5.00000000000E+002  5.00000000000E+002  1.34854908097E+003  2.53470706632E+002  1.04698297960E+001
53 3 1 393   5.00000000000E+002  5.00000000000E+002  1.35377741743E+003  2.53511048173E+002  5.23491489802E+000
53 3 1 397   5.00000000000E+002  5.00000000000E+002  1.35900575389E+003  2.53548058302E+002  0.00000000000E+000
79 4 1 1   5.00000000000E+002  5.00000000000E+002  8.45613115072E+002  2.70950000000E+002  4.99097536084E+002
79 4 1 5   5.00000000000E+002  5.00000000000E+002  8.50647974635E+002  2.70875212118E+002  4.94056146831E+002
79 4 1 9   5.00000000000E+002  5.00000000000E+002  8.55682834197E+002  2.70792309736E+002  4.89014757578E+002
79 4 1 13   5.00000000000E+002  5.00000000000E+002  8.60717693760E+002  2.70701354471E+002  4.83973368324E+002
79 4 1 17   5.00000000000E+002  5.00000000000E+002  8.65752553323E+002  2.70602374415E+002  4.78931979071E+002
79 4 1 21   5.00000000000E+002  5.00000000000E+002  8.70787412886E+002  2.70495367364E+002  4.73890589818E+002
79 4 1 25   5.00000000000E+002  5.00000000000E+002  8.75822272448E+002  2.70380311901E+002  4.68849200564E+002
79 4 1 29   5.00000000000E+002  5.00000000000E+002  8.80857132011E+002  2.70257175989E+002  4.63807811311E+002
79 4 1 33   5.00000000000E+002  5.00000000000E+002  8.85891991574E+002  2.70125921430E+002  4.58766422057E+002
79 4 1 37   5.00000000000E+002  5.00000000000E+002  8.90926851136E+002  2.69986505257E+002  4.53725032804E+002
79 4 1 41   5.00000000000E+002  5.00000000000E+002  8.95961710699E+002  2.69838879521E+002  4.48683643551E+002
79 4 1 45   5.00000000000E+002  5.00000000000E+002  9.00996570262E+002  2.69682990701E+002  4.43642254297E+002
79 4 1 49   5.00000000000E+002  5.00000000000E+002  9.06031429824E+002  2.69518779543E+002  4.38600865044E+002
79 4 1 53   5.00000000000E+002  5.00000000000E+002  9.11066289387E+002  2.69346181792E+002  4.33559475790E+002
79 4 1 57   5.00000000000E+002  5.00000000000E+002  9.16101148950E+002  2.69165130030E+002  4.28518086537E+002
79 4 1 61   5.00000000000E+002  5.00000000000E+002  9.21136008513E+002  2.68975556621E+002  4.23476697284E+002
79 4 1 65   5.00000000000E+002  5.00000000000E+002  9.26170868075E+002  2.68777397678E+002  4.18435308030E+002
79 4 1 69   5.00000000000E+002  5.00000000000E+002  9.31205727638E+002  2.68570597845E+002  4.13393918777E+002
79 4 1 73   5.00000000000E+002  5.00000000000E+002  9.36240587201E+002  2.68355115650E+002  4.08352529524E+002
79 4 1 77   5.00000000000E+002  5.00000000000E+002  9.41275446763E+002  2.68130929160E+002  4.03311140270E+002
79 4 1 81   5.00000000000E+002  5.00000000000E+002  9.46310306326E+002  2.67898041644E+002  3.98269751017E+002
79 4 1 85   5.00000000000E+002  5.00000000000E+002  9.51345165889E+002  2.67656486986E+002  3.93228361763E+002
79 4 1 89   5.00000000000E+002  5.00000000000E+002  9.56380025451E+002  2.67406334618E+002  3.88186972510E+002
79 4 1 93   5.00000000000E+002  5.00000000000E+002  9.61414885014E+002  2.67147693769E+002  3.83145583257E+002
79 4 1 97   5.00000000000E+002  5.00000000000E+002  9.66449744577E+002  2.66880716901E+002  3.78104194003E+002
79 4 1 101   5.00000000000E+002  5.00000000000E+002  9.71484604140E+002  2.66605602241E+002  3.73062804750E+002
79 4 1 105   5.00000000000E+002  5.00000000000E+002  9.76519463702E+002  2.66322595366E+002  3.68021415497E+002
79 4 1 109   5.00000000000E+002  5.00000000000E+002  9.81554323265E+002  2.66031989842E+002  3.62980026243E+002
79 4 1 113   5.00000000000E+002  5.00000000000E+002  9.86589182828E+002  2.65734126962E+002  3.57938636990E+002
79 4 1 117   5.00000000000E+002  5.00000000000E+002  9.91624042390E+002  2.65429394644E+002  3.52897247736E+002
79 4 1 121   5.00000000000E+002  5.00000000000E+002  9.96658901953E+002  2.65118225562E+002  3.47855858483E+002
79 4 1 125   5.00000000000E+002  5.00000000000E+002  1.00169376152E+003  2.64801094633E+002  3.42814469230E+002
79 4 1 129   5.00000000000E+002  5.00000000000E+002  1.00672862108E+003  2.64478515920E+002  3.37773079976E+002
79 4 1 133   5.00000000000E+002  5.00000000000E+002  1.01176348064E+003  2.64151039097E+002  3.32731690723E+002
79 4 1 137   5.00000000000E+002  5.00000000000E+002  1.01679834020E+003  2.63819245540E+002  3.27690301470E+002
79 4 1 141   5.00000000000E+002  5.00000000000E+002  1.02183319977E+003  2.63483744156E+002  3.22648912216E+002
79 4 1 145   5.00000000000E+002  5.00000000000E+002  1.02686805933E+003  2.63145167029E+002  3.17607522963E+002
79 4 1 149   5.00000000000E+002  5.00000000000E+002  1.03190291889E+003  2.62804164972E+002  3.12566133709E+002
79 4 1 153   5.00000000000E+002  5.00000000000E+002  1.03693777845E+003  2.62461403050E+002  3.07524744456E+002
79 4 1 157   5.00000000000E+002  5.00000000000E+002  1.04197263802E+003  2.62117556134E+002  3.02483355203E+002
79 4 1 161   5.00000000000E+002  5.00000000000E+002  1.04700749758E+003  2.61773304555E+002  2.97441965949E+002
79 4 1 165   5.00000000000E+002  5.00000000000E+002  1.05204235714E+003  2.61429329896E+002  2.92400576696E+002
79 4 1 169   5.00000000000E+002  5.00000000000E+002  1.05707721671E+003  2.61086310970E+002  2.87359187442E+002
79 4 1 173   5.00000000000E+002  5.00000000000E+002  1.06211207627E+003  2.60744920011E+002  2.82317798189E+002
79 4 1 177   5.00000000000E+002  5.00000000000E+002  1.06714693583E+003  2.60405819120E+002  2.77276408936E+002
79 4 1 181   5.00000000000E+002  5.00000000000E+002  1.07218179539E+003  2.60069656964E+002  2.72235019682E+002
79 4 1 185   5.00000000000E+002  5.00000000000E+002  1.07721665496E+003  2.59737065776E+002  2.67193630429E+002
79 4 1 189   5.00000000000E+002  5.00000000000E+002  1.08225151452E+003  2.59408658636E+002  2.62152241176E+002
79 4 1 193   5.00000000000E+002  5.00000000000E+002  1.08728637408E+003  2.59085027053E+002  2.57110851922E+002
79 4 1 197   5.00000000000E+002  5.00000000000E+002  1.09232123364E+003  2.58766738850E+002  2.52069462669E+002
79 4 1 201   5.00000000000E+002  5.00000000000E+002  1.09735609321E+003  2.58454336335E+002  2.47028073415E+002
79 4 1 205   5.00000000000E+002  5.00000000000E+002  1.10239095277E+003  2.58148334760E+002  2.41986684162E+002
79 4 1 209   5.00000000000E+002  5.00000000000E+002  1.10742581233E+003  2.57849221049E+002  2.36945294909E+002
79 4 1 213   5.00000000000E+002  5.00000000000E+002  1.11246067189E+003  2.57557452784E+002  2.31903905655E+002
79 4 1 217   5.00000000000E+002  5.00000000000E+002  1.11749553146E+003  2.57273457416E+002  2.26862516402E+002
79 4 1 221   5.00000000000E+002  5.00000000000E+002  1.12253039102E+003  2.56997631697E+002  2.21821127149E+002
79 4 1 225   5.00000000000E+002  5.00000000000E+002  1.12756525058E+003  2.56730341296E+002  2.16779737895E+002
79 4 1 229   5.00000000000E+002  5.00000000000E+002  1.13260011015E+003  2.56471920574E+002  2.11738348642E+002
79 4 1 233   5.00000000000E+002  5.00000000000E+002  1.13763496971E+003  2.56222672496E+002  2.06696959388E+002
79 4 1 237   5.00000000000E+002  5.00000000000E+002  1.14266982927E+003  2.55982868644E+002  2.01655570135E+002
79 4 1 241   5.00000000000E+002  5.00000000000E+002  1.14770468883E+003  2.55752749315E+002  1.96614180882E+002
79 4 1 245   5.00000000000E+002  5.00000000000E+002  1.15273954840E+003  2.55532523661E+002  1.91572791628E+002
79 4 1 249   5.00000000000E+002  5.00000000000E+002  1.15777440796E+003  2.55322369859E+002  1.86531402375E+002
79 4 1 253   5.00000000000E+002  5.00000000000E+002  1.16280926752E+003  2.55122435273E+002  1.81490013122E+002
79 4 1 257   5.00000000000E+002  5.00000000000E+002  1.16784412708E+003  2.54932836606E+002  1.76448623868E+002
79 4 1 261   5.00000000000E+002  5.00000000000E+002  1.17287898665E+003  2.54753659989E+002  1.71407234615E+002
79 4 1 265   5.00000000000E+002  5.00000000000E+002  1.17791384621E+003  2.54584961037E+002  1.66365845361E+002
79 4 1 269   5.00000000000E+002  5.00000000000E+002  1.18294870577E+003  2.54426764810E+002  1.61324456108E+002
79 4 1 273   5.00000000000E+002  5.00000000000E+002  1.18798356534E+003  2.54279065720E+002  1.56283066855E+002
79 4 1 277   5.00000000000E+002  5.00000000000E+002  1.19301842490E+003  2.54141827343E+002  1.51241677601E+002
79 4 1 281   5.00000000000E+002  5.00000000000E+002  1.19805328446E+003  2.54014982167E+002  1.46200288348E+002
79 4 1 285   5.00000000000E+002  5.00000000000E+002  1.20308814402E+003  2.53898431272E+002  1.41158899095E+002
79 4 1 289   5.00000000000E+002  5.00000000000E+002  1.20812300359E+003  2.53792043965E+002  1.36117509841E+002
79 4 1 293   5.00000000000E+002  5.00000000000E+002  1.21315786315E+003  2.53695657379E+002  1.31076120588E+002
79 4 1 297   5.00000000000E+002  5.00000000000E+002  1.21819272271E+003  2.53609076083E+002  1.26034731334E+002
79 4 1 301   5.00000000000E+002  5.00000000000E+002  1.22322758227E+003  2.53532071724E+002  1.20993342081E+002
79 4 1 305   5.00000000000E+002  5.00000000000E+002  1.22826244184E+003  2.53464382728E+002  1.15951952828E+002
79 4 1 309   5.00000000000E+002  5.00000000000E+002  1.23329730140E+003  2.53405714135E+002  1.10910563574E+002
79 4 1 313   5.00000000000E+002  5.00000000000E+002  1.23833216096E+003  2.53355737567E+002  1.05869174321E+002
79 4 1 317   5.00000000000E+002  5.00000000000E+002  1.24336702052E+003  2.53314091420E+002  1.00827785068E+002
79 4 1 321   5.00000000000E+002  5.00000000000E+002  1.24840188009E+003  2.53280381295E+002  9.57863958142E+001
79 4 1 325   5.00000000000E+002  5.00000000000E+002  1.25343673965E+003  2.53254180728E+002  9.07450065608E+001
79 4 1 329   5.00000000000E+002  5.00000000000E+002  1.25847159921E+003  2.53235032258E+002  8.57036173074E+001
79 4 1 333   5.00000000000E+002  5.00000000000E+002  1.26350645878E+003  2.53222448876E+002  8.06622280540E+001
79 4 1 337   5.00000000000E+002  5.00000000000E+002  1.26854131834E+003  2.53215915871E+002  7.56208388006E+001
79 4 1 341   5.00000000000E+002  5.00000000000E+002  1.27357617790E+003  2.53214893127E+002  7.05794495473E+001
79 4 1 345   5.00000000000E+002  5.00000000000E+002  1.27861103746E+003  2.53218817843E+002  6.55380602939E+001
79 4 1 349   5.00000000000E+002  5.00000000000E+002  1.28364589703E+003  2.53227107723E+002  6.04966710405E+001
79 4 1 353   5.00000000000E+002  5.00000000000E+002  1.28868075659E+003  2.53239164586E+002  5.54552817871E+001
79 4 1 357   5.00000000000E+002  5.00000000000E+002  1.29371561615E+003  2.53254378409E+002  5.04138925338E+001
79 4 1 361   5.00000000000E+002  5.00000000000E+002  1.29875047571E+003  2.53272131743E+002  4.53725032804E+001
79 4 1 365   5.00000000000E+002  5.00000000000E+002  1.30378533528E+003  2.53291804458E+002  4.03311140270E+001
79 4 1 369   5.00000000000E+002  5.00000000000E+002  1.30882019484E+003  2.53312778770E+002  3.52897247736E+001
79 4 1 373   5.00000000000E+002  5.00000000000E+002  1.31385505440E+003  2.53334444467E+002  3.02483355203E+001
79 4 1 377   5.00000000000E+002  5.00000000000E+002  1.31888991397E+003  2.53356204252E+002  2.52069462669E+001
79 4 1 381   5.00000000000E+002  5.00000000000E+002  1.32392477353E+003  2.53377479143E+002  2.01655570135E+001
79 4 1 385   5.00000000000E+002  5.00000000000E+002  1.32895963309E+003  2.53397713825E+002  1.51241677601E+001
79 4 1 389   5.00000000000E+002  5.00000000000E+002  1.33399449265E+003  2.53416381900E+002  1.00827785068E+001
79 4 1 393   5.00000000000E+002  5.00000000000E+002  1.33902935222E+003  2.53432990964E+002  5.04138925338E+000
79 4 1 397   5.00000000000E+002  5.00000000000E+002  1.34406421178E+003  2.53447087428E+002  0.00000000000E+000
104 5 1 1   5.00000000000E+002  5.00000000000E+002  8.46735350543E+002  2.70950000000E+002  4.83697546843E+002
104 5 1 5   5.00000000000E+002  5.00000000000E+002  8.51617882326E+002  2.70895796458E+002  4.78811713036E+002
104 5 1 9   5.00000000000E+002  5.00000000000E+002  8.56500414110E+002  2.70833696237E+002  4.73925879230E+002
104 5 1 13   5.00000000000E+002  5.00000000000E+002  8.61382945893E+002  2.70763625038E+002  4.69040045423E+002
104 5 1 17   5.00000000000E+002  5.00000000000E+002  8.66265477677E+002  2.70685501849E+002  4.64154211617E+002
104 5 1 21   5.00000000000E+002  5.00000000000E+002  8.71148009460E+002  2.70599239838E+002  4.59268377810E+002
104 5 1 25   5.00000000000E+002  5.00000000000E+002  8.76030541244E+002  2.70504746015E+002  4.54382544004E+002
104 5 1 29   5.00000000000E+002  5.00000000000E+002  8.80913073027E+002  2.70401921382E+002  4.49496710197E+002
104 5 1 33   5.00000000000E+002  5.00000000000E+002  8.85795604811E+002  2.70290662232E+002  4.44610876391E+002
104 5 1 37   5.00000000000E+002  5.00000000000E+002  8.90678136594E+002  2.70170862572E+002  4.39725042584E+002
104 5 1 41   5.00000000000E+002  5.00000000000E+002  8.95560668378E+002  2.70042417273E+002  4.34839208778E+002
104 5 1 45   5.00000000000E+002  5.00000000000E+002  9.00443200161E+002  2.69905225541E+002  4.29953374971E+002
104 5 1 49   5.00000000000E+002  5.00000000000E+002  9.05325731945E+002  2.69759194317E+002  4.25067541165E+002
104 5 1 53   5.00000000000E+002  5.00000000000E+002  9.10208263728E+002  2.69604241397E+002  4.20181707358E+002
104 5 1 57   5.00000000000E+002  5.00000000000E+002  9.15090795512E+002  2.69440298167E+002  4.15295873552E+002
104 5 1 61   5.00000000000E+002  5.00000000000E+002  9.19973327295E+002  2.69267311969E+002  4.10410039745E+002
104 5 1 65   5.00000000000E+002  5.00000000000E+002  9.24855859079E+002  2.69085248155E+002  4.05524205939E+002
104 5 1 69   5.00000000000E+002  5.00000000000E+002  9.29738390862E+002  2.68894091944E+002  4.00638372132E+002
104 5 1 73   5.00000000000E+002  5.00000000000E+002  9.34620922646E+002  2.68693850155E+002  3.95752538326E+002
104 5 1 77   5.00000000000E+002  5.00000000000E+002  9.39503454429E+002  2.68484552908E+002  3.90866704519E+002
104 5 1 81   5.00000000000E+002  5.00000000000E+002  9.44385986213E+002  2.68266255314E+002  3.85980870713E+002
104 5 1 85   5.00000000000E+002  5.00000000000E+002  9.49268517996E+002  2.68039039191E+002  3.81095036906E+002
104 5 1 89   5.00000000000E+002  5.00000000000E+002  9.54151049780E+002  2.67803014772E+002  3.76209203100E+002
104 5 1 93   5.00000000000E+002  5.00000000000E+002  9.59033581563E+002  2.67558322367E+002  3.71323369293E+002
104 5 1 97   5.00000000000E+002  5.00000000000E+002  9.63916113347E+002  2.67305133941E+002  3.66437535487E+002
104 5 1 101   5.00000000000E+002  5.00000000000E+002  9.68798645130E+002  2.67043654525E+002  3.61551701680E+002
104 5 1 105   5.00000000000E+002  5.00000000000E+002  9.73681176914E+002  2.66774123412E+002  3.56665867874E+002
104 5 1 109   5.00000000000E+002  5.00000000000E+002  9.78563708697E+002  2.66496815067E+002  3.51780034067E+002
104 5 1 113   5.00000000000E+002  5.00000000000E+002  9.83446240481E+002  2.66212039698E+002  3.46894200261E+002
104 5 1 117   5.00000000000E+002  5.00000000000E+002  9.88328772264E+002  2.65920143452E+002  3.42008366454E+002
104 5 1 121   5.00000000000E+002  5.00000000000E+002  9.93211304048E+002  2.65621508196E+002  3.37122532648E+002
104 5 1 125   5.00000000000E+002  5.00000000000E+002  9.98093835831E+002  2.65316550865E+002  3.32236698841E+002
104 5 1 129   5.00000000000E+002  5.00000000000E+002  1.00297636761E+003  2.65005722383E+002  3.27350865035E+002
104 5 1 133   5.00000000000E+002  5.00000000000E+002  1.00785889940E+003  2.64689506146E+002  3.22465031228E+002
104 5 1 137   5.00000000000E+002  5.00000000000E+002  1.01274143118E+003  2.64368416111E+002  3.17579197422E+002
104 5 1 141   5.00000000000E+002  5.00000000000E+002  1.01762396296E+003  2.64042994494E+002  3.12693363615E+002
104 5 1 145   5.00000000000E+002  5.00000000000E+002  1.02250649475E+003  2.63713809141E+002  3.07807529809E+002
104 5 1 149   5.00000000000E+002  5.00000000000E+002  1.02738902653E+003  2.63381450598E+002  3.02921696002E+002
104 5 1 153   5.00000000000E+002  5.00000000000E+002  1.03227155832E+003  2.63046528939E+002  2.98035862196E+002
104 5 1 157   5.00000000000E+002  5.00000000000E+002  1.03715409010E+003  2.62709670406E+002  2.93150028389E+002
104 5 1 161   5.00000000000E+002  5.00000000000E+002  1.04203662188E+003  2.62371513905E+002  2.88264194583E+002
104 5 1 165   5.00000000000E+002  5.00000000000E+002  1.04691915367E+003  2.62032707427E+002  2.83378360776E+002
104 5 1 169   5.00000000000E+002  5.00000000000E+002  1.05180168545E+003  2.61693904423E+002  2.78492526970E+002
104 5 1 173   5.00000000000E+002  5.00000000000E+002  1.05668421723E+003  2.61355760207E+002  2.73606693163E+002
104 5 1 177   5.00000000000E+002  5.00000000000E+002  1.06156674902E+003  2.61018928408E+002  2.68720859357E+002
104 5 1 181   5.00000000000E+002  5.00000000000E+002  1.06644928080E+003  2.60684057521E+002  2.63835025550E+002
104 5 1 185   5.00000000000E+002  5.00000000000E+002  1.07133181258E+003  2.60351787592E+002  2.58949191744E+002
104 5 1 189   5.00000000000E+002  5.00000000000E+002  1.07621434437E+003  2.60022747059E+002  2.54063357938E+002
104 5 1 193   5.00000000000E+002  5.00000000000E+002  1.08109687615E+003  2.59697549777E+002  2.49177524131E+002
104 5 1 197   5.00000000000E+002  5.00000000000E+002  1.08597940793E+003  2.59376792237E+002  2.44291690325E+002
104 5 1 201   5.00000000000E+002  5.00000000000E+002  1.09086193972E+003  2.59061050998E+002  2.39405856518E+002
104 5 1 205   5.00000000000E+002  5.00000000000E+002  1.09574447150E+003  2.58750880332E+002  2.34520022712E+002
104 5 1 209   5.00000000000E+002  5.00000000000E+002  1.10062700328E+003  2.58446810094E+002  2.29634188905E+002
104 5 1 213   5.00000000000E+002  5.00000000000E+002  1.10550953507E+003  2.58149343793E+002  2.24748355099E+002
104 5 1 217   5.00000000000E+002  5.00000000000E+002  1.11039206685E+003  2.57858956889E+002  2.19862521292E+002
104 5 1 221   5.00000000000E+002  5.00000000000E+002  1.11527459863E+003  2.57576095279E+002  2.14976687486E+002
104 5 1 225   5.00000000000E+002  5.00000000000E+002  1.12015713042E+003  2.57301173978E+002  2.10090853679E+002
104 5 1 229   5.00000000000E+002  5.00000000000E+002  1.12503966220E+003  2.57034575974E+002  2.05205019873E+002
104 5 1 233   5.00000000000E+002  5.00000000000E+002  1.12992219399E+003  2.56776651247E+002  2.00319186066E+002
104 5 1 237   5.00000000000E+002  5.00000000000E+002  1.13480472577E+003  2.56527715939E+002  1.95433352260E+002
104 5 1 241   5.00000000000E+002  5.00000000000E+002  1.13968725755E+003  2.56288051650E+002  1.90547518453E+002
104 5 1 245   5.00000000000E+002  5.00000000000E+002  1.14456978934E+003  2.56057904862E+002  1.85661684647E+002
104 5 1 249   5.00000000000E+002  5.00000000000E+002  1.14945232112E+003  2.55837486465E+002  1.80775850840E+002
104 5 1 253   5.00000000000E+002  5.00000000000E+002  1.15433485290E+003  2.55626971379E+002  1.75890017034E+002
104 5 1 257   5.00000000000E+002  5.00000000000E+002  1.15921738469E+003  2.55426498265E+002  1.71004183227E+002
104 5 1 261   5.00000000000E+002  5.00000000000E+002  1.16409991647E+003  2.55236169309E+002  1.66118349421E+002
104 5 1 265   5.00000000000E+002  5.00000000000E+002  1.16898244825E+003  2.55056050085E+002  1.61232515614E+002
104 5 1 269   5.00000000000E+002  5.00000000000E+002  1.17386498004E+003  2.54886169489E+002  1.56346681808E+002
104 5 1 273   5.00000000000E+002  5.00000000000E+002  1.17874751182E+003  2.54726519740E+002  1.51460848001E+002
104 5 1 277   5.00000000000E+002  5.00000000000E+002  1.18363004360E+003  2.54577056464E+002  1.46575014195E+002
104 5 1 281   5.00000000000E+002  5.00000000000E+002  1.18851257539E+003  2.54437698857E+002  1.41689180388E+002
104 5 1 285   5.00000000000E+002  5.00000000000E+002  1.19339510717E+003  2.54308329936E+002  1.36803346582E+002
104 5 1 289   5.00000000000E+002  5.00000000000E+002  1.19827763895E+003  2.54188796896E+002  1.31917512775E+002
104 5 1 293   5.00000000000E+002  5.00000000000E+002  1.20316017074E+003  2.54078911584E+002  1.27031678969E+002
104 5 1 297   5.00000000000E+002  5.00000000000E+002  1.20804270252E+003  2.53978451097E+002  1.22145845162E+002
104 5 1 301   5.00000000000E+002  5.00000000000E+002  1.21292523430E+003  2.53887158532E+002  1.17260011356E+002
104 5 1 305   5.00000000000E+002  5.00000000000E+002  1.21780776609E+003  2.53804743899E+002  1.12374177549E+002
104 5 1 309   5.00000000000E+002  5.00000000000E+002  1.22269029787E+003  2.53730885215E+002  1.07488343743E+002
104 5 1 313   5.00000000000E+002  5.00000000000E+002  1.22757282965E+003  2.53665229790E+002  1.02602509936E+002
104 5 1 317   5.00000000000E+002  5.00000000000E+002  1.23245536144E+003  2.53607395734E+002  9.77166761298E+001
104 5 1 321   5.00000000000E+002  5.00000000000E+002  1.23733789322E+003  2.53556973678E+002  9.28308423233E+001
104 5 1 325   5.00000000000E+002  5.00000000000E+002  1.24222042501E+003  2.53513528736E+002  8.79450085168E+001
104 5 1 329   5.00000000000E+002  5.00000000000E+002  1.24710295679E+003  2.53476602707E+002  8.30591747103E+001
104 5 1 333   5.00000000000E+002  5.00000000000E+002  1.25198548857E+003  2.53445716520E+002  7.81733409038E+001
104 5 1 337   5.00000000000E+002  5.00000000000E+002  1.25686802036E+003  2.53420372915E+002  7.32875070974E+001
104 5 1 341   5.00000000000E+002  5.00000000000E+002  1.26175055214E+003  2.53400059362E+002  6.84016732909E+001
104 5 1 345   5.00000000000E+002  5.00000000000E+002  1.26663308392E+003  2.53384251199E+002  6.35158394844E+001
104 5 1 349   5.00000000000E+002  5.00000000000E+002  1.27151561571E+003  2.53372414965E+002  5.86300056779E+001
104 5 1 353   5.00000000000E+002  5.00000000000E+002  1.27639814749E+003  2.53364011916E+002  5.37441718714E+001
104 5 1 357   5.00000000000E+002  5.00000000000E+002  1.28128067927E+003  2.53358501673E+002  4.88583380649E+001
104 5 1 361   5.00000000000E+002  5.00000000000E+002  1.28616321106E+003  2.53355345985E+002  4.39725042584E+001
104 5 1 365   5.00000000000E+002  5.00000000000E+002  1.29104574284E+003  2.53354012556E+002  3.90866704519E+001
104 5 1 369   5.00000000000E+002  5.00000000000E+002  1.29592827462E+003  2.53353978880E+002  3.42008366454E+001
104 5 1 373   5.00000000000E+002  5.00000000000E+002  1.30081080641E+003  2.53354736050E+002  2.93150028389E+001
104 5 1 377   5.00000000000E+002  5.00000000000E+002  1.30569333819E+003  2.53355792469E+002  2.44291690325E+001
104 5 1 381   5.00000000000E+002  5.00000000000E+002  1.31057586997E+003  2.53356677422E+002  1.95433352260E+001
104 5 1 385   5.00000000000E+002  5.00000000000E+002  1.31545840176E+003  2.53356944440E+002  1.46575014195E+001
104 5 1 389   5.00000000000E+002  5.00000000000E+002  1.32034093354E+003  2.53356174412E+002  9.77166761298E+000
104 5 1 393   5.00000000000E+002  5.00000000000E+002  1.32522346532E+003  2.53353978390E+002  4.88583380649E+000
104 5 1 397   5.00000000000E+002  5.00000000000E+002  1.33010599711E+003  2.53350000050E+002  0.00000000000E+000
