1 1 1 1   5.00000000000E+002  5.00000000000E+002  0.00000000000E+000  2.71828330466E+002  1.50000000000E+003
1 1 1 5   5.00000000000E+002  5.00000000000E+002  1.51515151515E+001  2.71365735955E+002  1.48484848485E+003
1 1 1 9   5.00000000000E+002  5.00000000000E+002  3.03030303030E+001  2.70881090481E+002  1.46969696970E+003
1 1 1 13   5.00000000000E+002  5.00000000000E+002  4.54545454545E+001  2.70399928744E+002  1.45454545455E+003
1 1 1 17   5.00000000000E+002  5.00000000000E+002  6.06060606061E+001  2.69921176116E+002  1.43939393939E+003
1 1 1 21   5.00000000000E+002  5.00000000000E+002  7.57575757576E+001  2.69445916364E+002  1.42424242424E+003
1 1 1 25   5.00000000000E+002  5.00000000000E+002  9.09090909091E+001  2.68973796859E+002  1.40909090909E+003
1 1 1 29   5.00000000000E+002  5.00000000000E+002  1.06060606061E+002  2.68505609237E+002  1.39393939394E+003
1 1 1 33   5.00000000000E+002  5.00000000000E+002  1.21212121212E+002  2.68041190432E+002  1.37878787879E+003
1 1 1 37   5.00000000000E+002  5.00000000000E+002  1.36363636364E+002  2.67581123298E+002  1.36363636364E+003
1 1 1 41   5.00000000000E+002  5.00000000000E+002  1.51515151515E+002  2.67125368153E+002  1.34848484848E+003
1 1 1 45   5.00000000000E+002  5.00000000000E+002  1.66666666667E+002  2.66674355886E+002  1.33333333333E+003
1 1 1 49   5.00000000000E+002  5.00000000000E+002  1.81818181818E+002  2.66228121789E+002  1.31818181818E+003
1 1 1 53   5.00000000000E+002  5.00000000000E+002  1.96969696970E+002  2.65786986660E+002  1.30303030303E+003
1 1 1 57   5.00000000000E+002  5.00000000000E+002  2.12121212121E+002  2.65351026356E+002  1.28787878788E+003
1 1 1 61   5.00000000000E+002  5.00000000000E+002  2.27272727273E+002  2.64920481762E+002  1.27272727273E+003
1 1 1 65   5.00000000000E+002  5.00000000000E+002  2.42424242424E+002  2.64495445713E+002  1.25757575758E+003
1 1 1 69   5.00000000000E+002  5.00000000000E+002  2.57575757576E+002  2.64076100444E+002  1.24242424242E+003
1 1 1 73   5.00000000000E+002  5.00000000000E+002  2.72727272727E+002  2.63662540323E+002  1.22727272727E+003
1 1 1 77   5.00000000000E+002  5.00000000000E+002  2.87878787879E+002  2.63254903594E+002  1.21212121212E+003
1 1 1 81   5.00000000000E+002  5.00000000000E+002  3.03030303030E+002  2.62853276640E+002  1.19696969697E+003
1 1 1 85   5.00000000000E+002  5.00000000000E+002  3.18181818182E+002  2.62457763646E+002  1.18181818182E+003
1 1 1 89   5.00000000000E+002  5.00000000000E+002  3.33333333333E+002  2.62068437646E+002  1.16666666667E+003
1 1 1 93   5.00000000000E+002  5.00000000000E+002  3.48484848485E+002  2.61685375446E+002  1.15151515152E+003
1 1 1 97   5.00000000000E+002  5.00000000000E+002  3.63636363636E+002  2.61308634159E+002  1.13636363636E+003
1 1 1 101   5.00000000000E+002  5.00000000000E+002  3.78787878788E+002  2.60938267729E+002  1.12121212121E+003
1 1 1 105   5.00000000000E+002  5.00000000000E+002  3.93939393939E+002  2.60574316562E+002  1.10606060606E+003
1 1 1 109   5.00000000000E+002  5.00000000000E+002  4.09090909091E+002  2.60216814897E+002  1.09090909091E+003
1 1 1 113   5.00000000000E+002  5.00000000000E+002  4.24242424242E+002  2.59865786717E+002  1.07575757576E+003
1 1 1 117   5.00000000000E+002  5.00000000000E+002  4.39393939394E+002  2.59521248889E+002  1.06060606061E+003
1 1 1 121   5.00000000000E+002  5.00000000000E+002  4.54545454545E+002  2.59183209847E+002  1.04545454545E+003
1 1 1 125   5.00000000000E+002  5.00000000000E+002  4.69696969697E+002  2.58851670942E+002  1.03030303030E+003
1 1 1 129   5.00000000000E+002  5.00000000000E+002  4.84848484848E+002  2.58526626227E+002  1.01515151515E+003
1 1 1 133   5.00000000000E+002  5.00000000000E+002  5.00000000000E+002  2.58208063118E+002  1.00000000000E+003
1 1 1 137   5.00000000000E+002  5.00000000000E+002  5.15151515152E+002  2.57895962569E+002  9.84848484848E+002
1 1 1 141   5.00000000000E+002  5.00000000000E+002  5.30303030303E+002  2.57590299486E+002  9.69696969697E+002
1 1 1 145   5.00000000000E+002  5.00000000000E+002  5.45454545455E+002  2.57291043018E+002  9.54545454545E+002
1 1 1 149   5.00000000000E+002  5.00000000000E+002  5.60606060606E+002  2.56998156887E+002  9.39393939394E+002
1 1 1 153   5.00000000000E+002  5.00000000000E+002  5.75757575758E+002  2.56711599694E+002  9.24242424242E+002
1 1 1 157   5.00000000000E+002  5.00000000000E+002  5.90909090909E+002  2.56431325225E+002  9.09090909091E+002
1 1 1 161   5.00000000000E+002  5.00000000000E+002  6.06060606061E+002  2.56157282739E+002  8.93939393939E+002
1 1 1 165   5.00000000000E+002  5.00000000000E+002  6.21212121212E+002  2.55889417260E+002  8.78787878788E+002
1 1 1 169   5.00000000000E+002  5.00000000000E+002  6.36363636364E+002  2.55627669850E+002  8.63636363636E+002
1 1 1 173   5.00000000000E+002  5.00000000000E+002  6.51515151515E+002  2.55371977878E+002  8.48484848485E+002
1 1 1 177   5.00000000000E+002  5.00000000000E+002  6.66666666667E+002  2.55122275282E+002  8.33333333333E+002
1 1 1 181   5.00000000000E+002  5.00000000000E+002  6.81818181818E+002  2.54878492821E+002  8.18181818182E+002
1 1 1 185   5.00000000000E+002  5.00000000000E+002  6.96969696970E+002  2.54640558317E+002  8.03030303030E+002
1 1 1 189   5.00000000000E+002  5.00000000000E+002  7.12121212121E+002  2.54408396895E+002  7.87878787879E+002
1 1 1 193   5.00000000000E+002  5.00000000000E+002  7.27272727273E+002  2.54181931204E+002  7.72727272727E+002
1 1 1 197   5.00000000000E+002  5.00000000000E+002  7.42424242424E+002  2.53961081643E+002  7.57575757576E+002
1 1 1 201   5.00000000000E+002  5.00000000000E+002  7.57575757576E+002  2.53745766570E+002  7.42424242424E+002
1 1 1 205   5.00000000000E+002  5.00000000000E+002  7.72727272727E+002  2.53535902505E+002  7.27272727273E+002
1 1 1 209   5.00000000000E+002  5.00000000000E+002  7.87878787879E+002  2.53331404327E+002  7.12121212121E+002
1 1 1 213   5.00000000000E+002  5.00000000000E+002  8.03030303030E+002  2.53132185464E+002  6.96969696970E+002
1 1 1 217   5.00000000000E+002  5.00000000000E+002  8.18181818182E+002  2.52938158072E+002  6.81818181818E+002
1 1 1 221   5.00000000000E+002  5.00000000000E+002  8.33333333333E+002  2.52749233208E+002  6.66666666667E+002
1 1 1 225   5.00000000000E+002  5.00000000000E+002  8.48484848485E+002  2.52565321001E+002  6.51515151515E+002
1 1 1 229   5.00000000000E+002  5.00000000000E+002  8.63636363636E+002  2.52386330807E+002  6.36363636364E+002
1 1 1 233   5.00000000000E+002  5.00000000000E+002  8.78787878788E+002  2.52212171361E+002  6.21212121212E+002
1 1 1 237   5.00000000000E+002  5.00000000000E+002  8.93939393939E+002  2.52042750929E+002  6.06060606061E+002
1 1 1 241   5.00000000000E+002  5.00000000000E+002  9.09090909091E+002  2.51877977438E+002  5.90909090909E+002
1 1 1 245   5.00000000000E+002  5.00000000000E+002  9.24242424242E+002  2.51717758616E+002  5.75757575758E+002
1 1 1 249   5.00000000000E+002  5.00000000000E+002  9.39393939394E+002  2.51562002114E+002  5.60606060606E+002
1 1 1 253   5.00000000000E+002  5.00000000000E+002  9.54545454545E+002  2.51410615625E+002  5.45454545455E+002
1 1 1 257   5.00000000000E+002  5.00000000000E+002  9.69696969697E+002  2.51263507001E+002  5.30303030303E+002
1 1 1 261   5.00000000000E+002  5.00000000000E+002  9.84848484848E+002  2.51120584358E+002  5.15151515152E+002
1 1 1 265   5.00000000000E+002  5.00000000000E+002  1.00000000000E+003  2.50981756175E+002  5.00000000000E+002
1 1 1 269   5.00000000000E+002  5.00000000000E+002  1.01515151515E+003  2.50846931398E+002  4.84848484848E+002
1 1 1 273   5.00000000000E+002  5.00000000000E+002  1.03030303030E+003  2.50716019519E+002  4.69696969697E+002
1 1 1 277   5.00000000000E+002  5.00000000000E+002  1.04545454545E+003  2.50588930671E+002  4.54545454545E+002
1 1 1 281   5.00000000000E+002  5.00000000000E+002  1.06060606061E+003  2.50465575703E+002  4.39393939394E+002
1 1 1 285   5.00000000000E+002  5.00000000000E+002  1.07575757576E+003  2.50345866249E+002  4.24242424242E+002
1 1 1 289   5.00000000000E+002  5.00000000000E+002  1.09090909091E+003  2.50229714809E+002  4.09090909091E+002
1 1 1 293   5.00000000000E+002  5.00000000000E+002  1.10606060606E+003  2.50117034800E+002  3.93939393939E+002
1 1 1 297   5.00000000000E+002  5.00000000000E+002  1.12121212121E+003  2.50007740632E+002  3.78787878788E+002
1 1 1 301   5.00000000000E+002  5.00000000000E+002  1.13636363636E+003  2.49901747736E+002  3.63636363636E+002
1 1 1 305   5.00000000000E+002  5.00000000000E+002  1.15151515152E+003  2.49798972658E+002  3.48484848485E+002
1 1 1 309   5.00000000000E+002  5.00000000000E+002  1.16666666667E+003  2.49699333040E+002  3.33333333333E+002
1 1 1 313   5.00000000000E+002  5.00000000000E+002  1.18181818182E+003  2.49602747754E+002  3.18181818182E+002
1 1 1 317   5.00000000000E+002  5.00000000000E+002  1.19696969697E+003  2.49509136815E+002  3.03030303030E+002
1 1 1 321   5.00000000000E+002  5.00000000000E+002  1.21212121212E+003  2.49418421582E+002  2.87878787879E+002
1 1 1 325   5.00000000000E+002  5.00000000000E+002  1.22727272727E+003  2.49330524562E+002  2.72727272727E+002
1 1 1 329   5.00000000000E+002  5.00000000000E+002  1.24242424242E+003  2.49245369749E+002  2.57575757576E+002
1 1 1 333   5.00000000000E+002  5.00000000000E+002  1.25757575758E+003  2.49162882219E+002  2.42424242424E+002
1 1 1 337   5.00000000000E+002  5.00000000000E+002  1.27272727273E+003  2.49082988730E+002  2.27272727273E+002
1 1 1 341   5.00000000000E+002  5.00000000000E+002  1.28787878788E+003  2.49005616958E+002  2.12121212121E+002
1 1 1 345   5.00000000000E+002  5.00000000000E+002  1.30303030303E+003  2.48930696560E+002  1.96969696970E+002
1 1 1 349   5.00000000000E+002  5.00000000000E+002  1.31818181818E+003  2.48858157783E+002  1.81818181818E+002
1 1 1 353   5.00000000000E+002  5.00000000000E+002  1.33333333333E+003  2.48787933331E+002  1.66666666667E+002
1 1 1 357   5.00000000000E+002  5.00000000000E+002  1.34848484848E+003  2.48719955928E+002  1.51515151515E+002
1 1 1 361   5.00000000000E+002  5.00000000000E+002  1.36363636364E+003  2.48654161510E+002  1.36363636364E+002
1 1 1 365   5.00000000000E+002  5.00000000000E+002  1.37878787879E+003  2.48590485084E+002  1.21212121212E+002
1 1 1 369   5.00000000000E+002  5.00000000000E+002  1.39393939394E+003  2.48528866080E+002  1.06060606061E+002
1 1 1 373   5.00000000000E+002  5.00000000000E+002  1.40909090909E+003  2.48469241466E+002  9.09090909091E+001
1 1 1 377   5.00000000000E+002  5.00000000000E+002  1.42424242424E+003  2.48411554546E+002  7.57575757576E+001
1 1 1 381   5.00000000000E+002  5.00000000000E+002  1.43939393939E+003  2.48355743743E+002  6.06060606061E+001
1 1 1 385   5.00000000000E+002  5.00000000000E+002  1.45454545455E+003  2.48301756803E+002  4.54545454545E+001
1 1 1 389   5.00000000000E+002  5.00000000000E+002  1.46969696970E+003  2.48249532789E+002  3.03030303030E+001
1 1 1 393   5.00000000000E+002  5.00000000000E+002  1.48484848485E+003  2.48199021861E+002  1.51515151515E+001
1 1 1 397   5.00000000000E+002  5.00000000000E+002  1.50000000000E+003  2.48150000000E+002  0.00000000000E+000
608 2 1 1   5.00000000000E+002  5.00000000000E+002  2.31154796212E+001  2.71574660383E+002  1.48582562058E+003
608 2 1 5   5.00000000000E+002  5.00000000000E+002  3.81236043425E+001  2.71142821139E+002  1.47081728098E+003
608 2 1 9   5.00000000000E+002  5.00000000000E+002  5.31317290638E+001  2.70709535719E+002  1.45580894137E+003
608 2 1 13   5.00000000000E+002  5.00000000000E+002  6.81398537851E+001  2.70275292338E+002  1.44080060177E+003
608 2 1 17   5.00000000000E+002  5.00000000000E+002  8.31479785064E+001  2.69840568799E+002  1.42579226217E+003
608 2 1 21   5.00000000000E+002  5.00000000000E+002  9.81561032277E+001  2.69405830689E+002  1.41078392257E+003
608 2 1 25   5.00000000000E+002  5.00000000000E+002  1.13164227949E+002  2.68971529746E+002  1.39577558297E+003
608 2 1 29   5.00000000000E+002  5.00000000000E+002  1.28172352670E+002  2.68538102405E+002  1.38076724336E+003
608 2 1 33   5.00000000000E+002  5.00000000000E+002  1.43180477392E+002  2.68105968533E+002  1.36575890376E+003
608 2 1 37   5.00000000000E+002  5.00000000000E+002  1.58188602113E+002  2.67675530358E+002  1.35075056416E+003
608 2 1 41   5.00000000000E+002  5.00000000000E+002  1.73196726834E+002  2.67247171597E+002  1.33574222456E+003
608 2 1 45   5.00000000000E+002  5.00000000000E+002  1.88204851555E+002  2.66821256776E+002  1.32073388496E+003
608 2 1 49   5.00000000000E+002  5.00000000000E+002  2.03212976277E+002  2.66398130742E+002  1.30572554536E+003
608 2 1 53   5.00000000000E+002  5.00000000000E+002  2.18221100998E+002  2.65978118358E+002  1.29071720575E+003
608 2 1 57   5.00000000000E+002  5.00000000000E+002  2.33229225719E+002  2.65561524358E+002  1.27570886615E+003
608 2 1 61   5.00000000000E+002  5.00000000000E+002  2.48237350441E+002  2.65148633378E+002  1.26070052655E+003
608 2 1 65   5.00000000000E+002  5.00000000000E+002  2.63245475162E+002  2.64739710111E+002  1.24569218695E+003
608 2 1 69   5.00000000000E+002  5.00000000000E+002  2.78253599883E+002  2.64334999609E+002  1.23068384735E+003
608 2 1 73   5.00000000000E+002  5.00000000000E+002  2.93261724604E+002  2.63934727677E+002  1.21567550775E+003
608 2 1 77   5.00000000000E+002  5.00000000000E+002  3.08269849326E+002  2.63539101384E+002  1.20066716814E+003
608 2 1 81   5.00000000000E+002  5.00000000000E+002  3.23277974047E+002  2.63148309635E+002  1.18565882854E+003
608 2 1 85   5.00000000000E+002  5.00000000000E+002  3.38286098768E+002  2.62762523822E+002  1.17065048894E+003
608 2 1 89   5.00000000000E+002  5.00000000000E+002  3.53294223490E+002  2.62381898511E+002  1.15564214934E+003
608 2 1 93   5.00000000000E+002  5.00000000000E+002  3.68302348211E+002  2.62006572177E+002  1.14063380974E+003
608 2 1 97   5.00000000000E+002  5.00000000000E+002  3.83310472932E+002  2.61636667954E+002  1.12562547013E+003
608 2 1 101   5.00000000000E+002  5.00000000000E+002  3.98318597653E+002  2.61272294400E+002  1.11061713053E+003
608 2 1 105   5.00000000000E+002  5.00000000000E+002  4.13326722375E+002  2.60913546265E+002  1.09560879093E+003
608 2 1 109   5.00000000000E+002  5.00000000000E+002  4.28334847096E+002  2.60560505247E+002  1.08060045133E+003
608 2 1 113   5.00000000000E+002  5.00000000000E+002  4.43342971817E+002  2.60213240744E+002  1.06559211173E+003
608 2 1 117   5.00000000000E+002  5.00000000000E+002  4.58351096539E+002  2.59871810579E+002  1.05058377213E+003
608 2 1 121   5.00000000000E+002  5.00000000000E+002  4.73359221260E+002  2.59536261705E+002  1.03557543252E+003
608 2 1 125   5.00000000000E+002  5.00000000000E+002  4.88367345981E+002  2.59206630879E+002  1.02056709292E+003
608 2 1 129   5.00000000000E+002  5.00000000000E+002  5.03375470702E+002  2.58882945317E+002  1.00555875332E+003
608 2 1 133   5.00000000000E+002  5.00000000000E+002  5.18383595424E+002  2.58565223305E+002  9.90550413718E+002
608 2 1 137   5.00000000000E+002  5.00000000000E+002  5.33391720145E+002  2.58253474784E+002  9.75542074117E+002
608 2 1 141   5.00000000000E+002  5.00000000000E+002  5.48399844866E+002  2.57947701911E+002  9.60533734515E+002
608 2 1 145   5.00000000000E+002  5.00000000000E+002  5.63407969588E+002  2.57647899577E+002  9.45525394913E+002
608 2 1 149   5.00000000000E+002  5.00000000000E+002  5.78416094309E+002  2.57354055903E+002  9.30517055311E+002
608 2 1 153   5.00000000000E+002  5.00000000000E+002  5.93424219030E+002  2.57066152705E+002  9.15508715709E+002
608 2 1 157   5.00000000000E+002  5.00000000000E+002  6.08432343751E+002  2.56784165936E+002  9.00500376108E+002
608 2 1 161   5.00000000000E+002  5.00000000000E+002  6.23440468473E+002  2.56508066098E+002  8.85492036506E+002
608 2 1 165   5.00000000000E+002  5.00000000000E+002  6.38448593194E+002  2.56237818633E+002  8.70483696904E+002
608 2 1 169   5.00000000000E+002  5.00000000000E+002  6.53456717915E+002  2.55973384299E+002  8.55475357302E+002
608 2 1 173   5.00000000000E+002  5.00000000000E+002  6.68464842637E+002  2.55714719518E+002  8.40467017700E+002
608 2 1 177   5.00000000000E+002  5.00000000000E+002  6.83472967358E+002  2.55461776717E+002  8.25458678099E+002
608 2 1 181   5.00000000000E+002  5.00000000000E+002  6.98481092079E+002  2.55214504648E+002  8.10450338497E+002
608 2 1 185   5.00000000000E+002  5.00000000000E+002  7.13489216800E+002  2.54972848704E+002  7.95441998895E+002
608 2 1 189   5.00000000000E+002  5.00000000000E+002  7.28497341522E+002  2.54736751219E+002  7.80433659293E+002
608 2 1 193   5.00000000000E+002  5.00000000000E+002  7.43505466243E+002  2.54506151766E+002  7.65425319691E+002
608 2 1 197   5.00000000000E+002  5.00000000000E+002  7.58513590964E+002  2.54280987447E+002  7.50416980090E+002
608 2 1 201   5.00000000000E+002  5.00000000000E+002  7.73521715686E+002  2.54061193189E+002  7.35408640488E+002
608 2 1 205   5.00000000000E+002  5.00000000000E+002  7.88529840407E+002  2.53846702026E+002  7.20400300886E+002
608 2 1 209   5.00000000000E+002  5.00000000000E+002  8.03537965128E+002  2.53637445403E+002  7.05391961284E+002
608 2 1 213   5.00000000000E+002  5.00000000000E+002  8.18546089849E+002  2.53433353470E+002  6.90383621682E+002
608 2 1 217   5.00000000000E+002  5.00000000000E+002  8.33554214571E+002  2.53234355392E+002  6.75375282081E+002
608 2 1 221   5.00000000000E+002  5.00000000000E+002  8.48562339292E+002  2.53040379670E+002  6.60366942479E+002
608 2 1 225   5.00000000000E+002  5.00000000000E+002  8.63570464013E+002  2.52851354473E+002  6.45358602877E+002
608 2 1 229   5.00000000000E+002  5.00000000000E+002  8.78578588735E+002  2.52667207989E+002  6.30350263275E+002
608 2 1 233   5.00000000000E+002  5.00000000000E+002  8.93586713456E+002  2.52487868788E+002  6.15341923673E+002
608 2 1 237   5.00000000000E+002  5.00000000000E+002  9.08594838177E+002  2.52313266217E+002  6.00333584072E+002
608 2 1 241   5.00000000000E+002  5.00000000000E+002  9.23602962898E+002  2.52143330805E+002  5.85325244470E+002
608 2 1 245   5.00000000000E+002  5.00000000000E+002  9.38611087620E+002  2.51977994702E+002  5.70316904868E+002
608 2 1 249   5.00000000000E+002  5.00000000000E+002  9.53619212341E+002  2.51817192136E+002  5.55308565266E+002
608 2 1 253   5.00000000000E+002  5.00000000000E+002  9.68627337062E+002  2.51660859903E+002  5.40300225665E+002
608 2 1 257   5.00000000000E+002  5.00000000000E+002  9.83635461784E+002  2.51508937879E+002  5.25291886063E+002
608 2 1 261   5.00000000000E+002  5.00000000000E+002  9.98643586505E+002  2.51361369557E+002  5.10283546461E+002
608 2 1 265   5.00000000000E+002  5.00000000000E+002  1.01365171123E+003  2.51218102608E+002  4.95275206859E+002
608 2 1 269   5.00000000000E+002  5.00000000000E+002  1.02865983595E+003  2.51079089471E+002  4.80266867257E+002
608 2 1 273   5.00000000000E+002  5.00000000000E+002  1.04366796067E+003  2.50944287950E+002  4.65258527656E+002
608 2 1 277   5.00000000000E+002  5.00000000000E+002  1.05867608539E+003  2.50813661832E+002  4.50250188054E+002
608 2 1 281   5.00000000000E+002  5.00000000000E+002  1.07368421011E+003  2.50687181512E+002  4.35241848452E+002
608 2 1 285   5.00000000000E+002  5.00000000000E+002  1.08869233483E+003  2.50564824619E+002  4.20233508850E+002
608 2 1 289   5.00000000000E+002  5.00000000000E+002  1.10370045955E+003  2.50446576636E+002  4.05225169248E+002
608 2 1 293   5.00000000000E+002  5.00000000000E+002  1.11870858428E+003  2.50332431508E+002  3.90216829647E+002
608 2 1 297   5.00000000000E+002  5.00000000000E+002  1.13371670900E+003  2.50222392217E+002  3.75208490045E+002
608 2 1 301   5.00000000000E+002  5.00000000000E+002  1.14872483372E+003  2.50116471330E+002  3.60200150443E+002
608 2 1 305   5.00000000000E+002  5.00000000000E+002  1.16373295844E+003  2.50014691496E+002  3.45191810841E+002
608 2 1 309   5.00000000000E+002  5.00000000000E+002  1.17874108316E+003  2.49917085884E+002  3.30183471239E+002
608 2 1 313   5.00000000000E+002  5.00000000000E+002  1.19374920788E+003  2.49823698550E+002  3.15175131638E+002
608 2 1 317   5.00000000000E+002  5.00000000000E+002  1.20875733260E+003  2.49734584721E+002  3.00166792036E+002
608 2 1 321   5.00000000000E+002  5.00000000000E+002  1.22376545732E+003  2.49649810983E+002  2.85158452434E+002
608 2 1 325   5.00000000000E+002  5.00000000000E+002  1.23877358205E+003  2.49569455360E+002  2.70150112832E+002
608 2 1 329   5.00000000000E+002  5.00000000000E+002  1.25378170677E+003  2.49493607281E+002  2.55141773230E+002
608 2 1 333   5.00000000000E+002  5.00000000000E+002  1.26878983149E+003  2.49422367414E+002  2.40133433629E+002
608 2 1 337   5.00000000000E+002  5.00000000000E+002  1.28379795621E+003  2.49355847375E+002  2.25125094027E+002
608 2 1 341   5.00000000000E+002  5.00000000000E+002  1.29880608093E+003  2.49294169286E+002  2.10116754425E+002
608 2 1 345   5.00000000000E+002  5.00000000000E+002  1.31381420565E+003  2.49237465201E+002  1.95108414823E+002
608 2 1 349   5.00000000000E+002  5.00000000000E+002  1.32882233037E+003  2.49185876380E+002  1.80100075222E+002
608 2 1 353   5.00000000000E+002  5.00000000000E+002  1.34383045509E+003  2.49139552426E+002  1.65091735620E+002
608 2 1 357   5.00000000000E+002  5.00000000000E+002  1.35883857982E+003  2.49098650275E+002  1.50083396018E+002
608 2 1 361   5.00000000000E+002  5.00000000000E+002  1.37384670454E+003  2.49063333066E+002  1.35075056416E+002
608 2 1 365   5.00000000000E+002  5.00000000000E+002  1.38885482926E+003  2.49033768872E+002  1.20066716814E+002
608 2 1 369   5.00000000000E+002  5.00000000000E+002  1.40386295398E+003  2.49010129337E+002  1.05058377213E+002
608 2 1 373   5.00000000000E+002  5.00000000000E+002  1.41887107870E+003  2.48992588198E+002  9.00500376108E+001
608 2 1 377   5.00000000000E+002  5.00000000000E+002  1.43387920342E+003  2.48981319742E+002  7.50416980090E+001
608 2 1 381   5.00000000000E+002  5.00000000000E+002  1.44888732814E+003  2.48976497187E+002  6.00333584072E+001
608 2 1 385   5.00000000000E+002  5.00000000000E+002  1.46389545286E+003  2.48978291032E+002  4.50250188054E+001
608 2 1 389   5.00000000000E+002  5.00000000000E+002  1.47890357759E+003  2.48986867373E+002  3.00166792036E+001
608 2 1 393   5.00000000000E+002  5.00000000000E+002  1.49391170231E+003  2.49002386234E+002  1.50083396018E+001
608 2 1 397   5.00000000000E+002  5.00000000000E+002  1.50891982703E+003  2.49024999908E+002  0.00000000000E+000
1215 3 1 1   5.00000000000E+002  5.00000000000E+002  4.62309592425E+001  2.71299773598E+002  1.47115964867E+003
1215 3 1 5   5.00000000000E+002  5.00000000000E+002  6.10908610811E+001  2.70897826139E+002  1.45629945020E+003
1215 3 1 9   5.00000000000E+002  5.00000000000E+002  7.59507629198E+001  2.70494250842E+002  1.44143925173E+003
1215 3 1 13   5.00000000000E+002  5.00000000000E+002  9.08106647584E+001  2.70089432970E+002  1.42657905326E+003
1215 3 1 17   5.00000000000E+002  5.00000000000E+002  1.05670566597E+002  2.69683751591E+002  1.41171885479E+003
1215 3 1 21   5.00000000000E+002  5.00000000000E+002  1.20530468436E+002  2.69277578626E+002  1.39685865632E+003
1215 3 1 25   5.00000000000E+002  5.00000000000E+002  1.35390370274E+002  2.68871277965E+002  1.38199845785E+003
1215 3 1 29   5.00000000000E+002  5.00000000000E+002  1.50250272113E+002  2.68465204646E+002  1.36713825937E+003
1215 3 1 33   5.00000000000E+002  5.00000000000E+002  1.65110173952E+002  2.68059704116E+002  1.35227806090E+003
1215 3 1 37   5.00000000000E+002  5.00000000000E+002  1.79970075790E+002  2.67655111560E+002  1.33741786243E+003
1215 3 1 41   5.00000000000E+002  5.00000000000E+002  1.94829977629E+002  2.67251751302E+002  1.32255766396E+003
1215 3 1 45   5.00000000000E+002  5.00000000000E+002  2.09689879467E+002  2.66849936289E+002  1.30769746549E+003
1215 3 1 49   5.00000000000E+002  5.00000000000E+002  2.24549781306E+002  2.66449967643E+002  1.29283726702E+003
1215 3 1 53   5.00000000000E+002  5.00000000000E+002  2.39409683145E+002  2.66052134289E+002  1.27797706855E+003
1215 3 1 57   5.00000000000E+002  5.00000000000E+002  2.54269584983E+002  2.65656712653E+002  1.26311687007E+003
1215 3 1 61   5.00000000000E+002  5.00000000000E+002  2.69129486822E+002  2.65263966433E+002  1.24825667160E+003
1215 3 1 65   5.00000000000E+002  5.00000000000E+002  2.83989388661E+002  2.64874146432E+002  1.23339647313E+003
1215 3 1 69   5.00000000000E+002  5.00000000000E+002  2.98849290499E+002  2.64487490460E+002  1.21853627466E+003
1215 3 1 73   5.00000000000E+002  5.00000000000E+002  3.13709192338E+002  2.64104223291E+002  1.20367607619E+003
1215 3 1 77   5.00000000000E+002  5.00000000000E+002  3.28569094177E+002  2.63724556686E+002  1.18881587772E+003
1215 3 1 81   5.00000000000E+002  5.00000000000E+002  3.43428996015E+002  2.63348689458E+002  1.17395567925E+003
1215 3 1 85   5.00000000000E+002  5.00000000000E+002  3.58288897854E+002  2.62976807597E+002  1.15909548077E+003
1215 3 1 89   5.00000000000E+002  5.00000000000E+002  3.73148799692E+002  2.62609084435E+002  1.14423528230E+003
1215 3 1 93   5.00000000000E+002  5.00000000000E+002  3.88008701531E+002  2.62245680851E+002  1.12937508383E+003
1215 3 1 97   5.00000000000E+002  5.00000000000E+002  4.02868603370E+002  2.61886745523E+002  1.11451488536E+003
1215 3 1 101   5.00000000000E+002  5.00000000000E+002  4.17728505208E+002  2.61532415199E+002  1.09965468689E+003
1215 3 1 105   5.00000000000E+002  5.00000000000E+002  4.32588407047E+002  2.61182815017E+002  1.08479448842E+003
1215 3 1 109   5.00000000000E+002  5.00000000000E+002  4.47448308886E+002  2.60838058833E+002  1.06993428995E+003
1215 3 1 113   5.00000000000E+002  5.00000000000E+002  4.62308210724E+002  2.60498249583E+002  1.05507409147E+003
1215 3 1 117   5.00000000000E+002  5.00000000000E+002  4.77168112563E+002  2.60163479666E+002  1.04021389300E+003
1215 3 1 121   5.00000000000E+002  5.00000000000E+002  4.92028014402E+002  2.59833831336E+002  1.02535369453E+003
1215 3 1 125   5.00000000000E+002  5.00000000000E+002  5.06887916240E+002  2.59509377114E+002  1.01049349606E+003
1215 3 1 129   5.00000000000E+002  5.00000000000E+002  5.21747818079E+002  2.59190180209E+002  9.95633297588E+002
1215 3 1 133   5.00000000000E+002  5.00000000000E+002  5.36607719917E+002  2.58876294952E+002  9.80773099117E+002
1215 3 1 137   5.00000000000E+002  5.00000000000E+002  5.51467621756E+002  2.58567767231E+002  9.65912900645E+002
1215 3 1 141   5.00000000000E+002  5.00000000000E+002  5.66327523595E+002  2.58264634935E+002  9.51052702174E+002
1215 3 1 145   5.00000000000E+002  5.00000000000E+002  5.81187425433E+002  2.57966928401E+002  9.36192503702E+002
1215 3 1 149   5.00000000000E+002  5.00000000000E+002  5.96047327272E+002  2.57674670864E+002  9.21332305231E+002
1215 3 1 153   5.00000000000E+002  5.00000000000E+002  6.10907229111E+002  2.57387878907E+002  9.06472106759E+002
1215 3 1 157   5.00000000000E+002  5.00000000000E+002  6.25767130949E+002  2.57106562906E+002  8.91611908288E+002
1215 3 1 161   5.00000000000E+002  5.00000000000E+002  6.40627032788E+002  2.56830727486E+002  8.76751709816E+002
1215 3 1 165   5.00000000000E+002  5.00000000000E+002  6.55486934627E+002  2.56560371963E+002  8.61891511345E+002
1215 3 1 169   5.00000000000E+002  5.00000000000E+002  6.70346836465E+002  2.56295490788E+002  8.47031312873E+002
1215 3 1 173   5.00000000000E+002  5.00000000000E+002  6.85206738304E+002  2.56036073991E+002  8.32171114402E+002
1215 3 1 177   5.00000000000E+002  5.00000000000E+002  7.00066640142E+002  2.55782107621E+002  8.17310915930E+002
1215 3 1 181   5.00000000000E+002  5.00000000000E+002  7.14926541981E+002  2.55533574174E+002  8.02450717459E+002
1215 3 1 185   5.00000000000E+002  5.00000000000E+002  7.29786443820E+002  2.55290453034E+002  7.87590518988E+002
1215 3 1 189   5.00000000000E+002  5.00000000000E+002  7.44646345658E+002  2.55052720889E+002  7.72730320516E+002
1215 3 1 193   5.00000000000E+002  5.00000000000E+002  7.59506247497E+002  2.54820352165E+002  7.57870122045E+002
1215 3 1 197   5.00000000000E+002  5.00000000000E+002  7.74366149336E+002  2.54593319433E+002  7.43009923573E+002
1215 3 1 201   5.00000000000E+002  5.00000000000E+002  7.89226051174E+002  2.54371593831E+002  7.28149725102E+002
1215 3 1 205   5.00000000000E+002  5.00000000000E+002  8.04085953013E+002  2.54155145467E+002  7.13289526630E+002
1215 3 1 209   5.00000000000E+002  5.00000000000E+002  8.18945854851E+002  2.53943943821E+002  6.98429328159E+002
1215 3 1 213   5.00000000000E+002  5.00000000000E+002  8.33805756690E+002  2.53737958141E+002  6.83569129687E+002
1215 3 1 217   5.00000000000E+002  5.00000000000E+002  8.48665658529E+002  2.53537157835E+002  6.68708931216E+002
1215 3 1 221   5.00000000000E+002  5.00000000000E+002  8.63525560367E+002  2.53341512848E+002  6.53848732744E+002
1215 3 1 225   5.00000000000E+002  5.00000000000E+002  8.78385462206E+002  2.53150994033E+002  6.38988534273E+002
1215 3 1 229   5.00000000000E+002  5.00000000000E+002  8.93245364045E+002  2.52965573522E+002  6.24128335801E+002
1215 3 1 233   5.00000000000E+002  5.00000000000E+002  9.08105265883E+002  2.52785225068E+002  6.09268137330E+002
1215 3 1 237   5.00000000000E+002  5.00000000000E+002  9.22965167722E+002  2.52609924393E+002  5.94407938859E+002
1215 3 1 241   5.00000000000E+002  5.00000000000E+002  9.37825069561E+002  2.52439649513E+002  5.79547740387E+002
1215 3 1 245   5.00000000000E+002  5.00000000000E+002  9.52684971399E+002  2.52274381050E+002  5.64687541916E+002
1215 3 1 249   5.00000000000E+002  5.00000000000E+002  9.67544873238E+002  2.52114102530E+002  5.49827343444E+002
1215 3 1 253   5.00000000000E+002  5.00000000000E+002  9.82404775076E+002  2.51958800662E+002  5.34967144973E+002
1215 3 1 257   5.00000000000E+002  5.00000000000E+002  9.97264676915E+002  2.51808465596E+002  5.20106946501E+002
1215 3 1 261   5.00000000000E+002  5.00000000000E+002  1.01212457875E+003  2.51663091167E+002  5.05246748030E+002
1215 3 1 265   5.00000000000E+002  5.00000000000E+002  1.02698448059E+003  2.51522675102E+002  4.90386549558E+002
1215 3 1 269   5.00000000000E+002  5.00000000000E+002  1.04184438243E+003  2.51387219223E+002  4.75526351087E+002
1215 3 1 273   5.00000000000E+002  5.00000000000E+002  1.05670428427E+003  2.51256729602E+002  4.60666152615E+002
1215 3 1 277   5.00000000000E+002  5.00000000000E+002  1.07156418611E+003  2.51131216707E+002  4.45805954144E+002
1215 3 1 281   5.00000000000E+002  5.00000000000E+002  1.08642408795E+003  2.51010695508E+002  4.30945755672E+002
1215 3 1 285   5.00000000000E+002  5.00000000000E+002  1.10128398979E+003  2.50895185555E+002  4.16085557201E+002
1215 3 1 289   5.00000000000E+002  5.00000000000E+002  1.11614389162E+003  2.50784711026E+002  4.01225358730E+002
1215 3 1 293   5.00000000000E+002  5.00000000000E+002  1.13100379346E+003  2.50679300745E+002  3.86365160258E+002
1215 3 1 297   5.00000000000E+002  5.00000000000E+002  1.14586369530E+003  2.50578988159E+002  3.71504961787E+002
1215 3 1 301   5.00000000000E+002  5.00000000000E+002  1.16072359714E+003  2.50483811287E+002  3.56644763315E+002
1215 3 1 305   5.00000000000E+002  5.00000000000E+002  1.17558349898E+003  2.50393812639E+002  3.41784564844E+002
1215 3 1 309   5.00000000000E+002  5.00000000000E+002  1.19044340082E+003  2.50309039092E+002  3.26924366372E+002
1215 3 1 313   5.00000000000E+002  5.00000000000E+002  1.20530330266E+003  2.50229541744E+002  3.12064167901E+002
1215 3 1 317   5.00000000000E+002  5.00000000000E+002  1.22016320449E+003  2.50155375724E+002  2.97203969429E+002
1215 3 1 321   5.00000000000E+002  5.00000000000E+002  1.23502310633E+003  2.50086599984E+002  2.82343770958E+002
1215 3 1 325   5.00000000000E+002  5.00000000000E+002  1.24988300817E+003  2.50023277056E+002  2.67483572486E+002
1215 3 1 329   5.00000000000E+002  5.00000000000E+002  1.26474291001E+003  2.49965472777E+002  2.52623374015E+002
1215 3 1 333   5.00000000000E+002  5.00000000000E+002  1.27960281185E+003  2.49913256002E+002  2.37763175543E+002
1215 3 1 337   5.00000000000E+002  5.00000000000E+002  1.29446271369E+003  2.49866698285E+002  2.22902977072E+002
1215 3 1 341   5.00000000000E+002  5.00000000000E+002  1.30932261553E+003  2.49825873544E+002  2.08042778600E+002
1215 3 1 345   5.00000000000E+002  5.00000000000E+002  1.32418251737E+003  2.49790857714E+002  1.93182580129E+002
1215 3 1 349   5.00000000000E+002  5.00000000000E+002  1.33904241920E+003  2.49761728376E+002  1.78322381658E+002
1215 3 1 353   5.00000000000E+002  5.00000000000E+002  1.35390232104E+003  2.49738564384E+002  1.63462183186E+002
1215 3 1 357   5.00000000000E+002  5.00000000000E+002  1.36876222288E+003  2.49721445480E+002  1.48601984715E+002
1215 3 1 361   5.00000000000E+002  5.00000000000E+002  1.38362212472E+003  2.49710451889E+002  1.33741786243E+002
1215 3 1 365   5.00000000000E+002  5.00000000000E+002  1.39848202656E+003  2.49705663912E+002  1.18881587772E+002
1215 3 1 369   5.00000000000E+002  5.00000000000E+002  1.41334192840E+003  2.49707161480E+002  1.04021389300E+002
1215 3 1 373   5.00000000000E+002  5.00000000000E+002  1.42820183024E+003  2.49715023677E+002  8.91611908288E+001
1215 3 1 377   5.00000000000E+002  5.00000000000E+002  1.44306173207E+003  2.49729328185E+002  7.43009923573E+001
1215 3 1 381   5.00000000000E+002  5.00000000000E+002  1.45792163391E+003  2.49750150602E+002  5.94407938859E+001
1215 3 1 385   5.00000000000E+002  5.00000000000E+002  1.47278153575E+003  2.49777563569E+002  4.45805954144E+001
1215 3 1 389   5.00000000000E+002  5.00000000000E+002  1.48764143759E+003  2.49811635589E+002  2.97203969429E+001
1215 3 1 393   5.00000000000E+002  5.00000000000E+002  1.50250133943E+003  2.49852429421E+002  1.48601984715E+001
1215 3 1 397   5.00000000000E+002  5.00000000000E+002  1.51736124127E+003  2.49899999908E+002  0.00000000000E+000
1822 4 1 1   5.00000000000E+002  5.00000000000E+002  5.42394299064E+002  2.71024886814E+002  9.64983439091E+002
1822 4 1 5   5.00000000000E+002  5.00000000000E+002  5.52134569540E+002  2.67906009280E+002  9.55236131625E+002
1822 4 1 9   5.00000000000E+002  5.00000000000E+002  5.61874840017E+002  2.65403124443E+002  9.45488824160E+002
1822 4 1 13   5.00000000000E+002  5.00000000000E+002  5.71615110493E+002  2.63430779857E+002  9.35741516694E+002
1822 4 1 17   5.00000000000E+002  5.00000000000E+002  5.81355380970E+002  2.61898254997E+002  9.25994209228E+002
1822 4 1 21   5.00000000000E+002  5.00000000000E+002  5.91095651446E+002  2.60718954193E+002  9.16246901763E+002
1822 4 1 25   5.00000000000E+002  5.00000000000E+002  6.00835921923E+002  2.59815466369E+002  9.06499594297E+002
1822 4 1 29   5.00000000000E+002  5.00000000000E+002  6.10576192399E+002  2.59121816869E+002  8.96752286832E+002
1822 4 1 33   5.00000000000E+002  5.00000000000E+002  6.20316462876E+002  2.58583959064E+002  8.87004979366E+002
1822 4 1 37   5.00000000000E+002  5.00000000000E+002  6.30056733352E+002  2.58159169060E+002  8.77257671901E+002
1822 4 1 41   5.00000000000E+002  5.00000000000E+002  6.39797003828E+002  2.57814781423E+002  8.67510364435E+002
1822 4 1 45   5.00000000000E+002  5.00000000000E+002  6.49537274305E+002  2.57526592279E+002  8.57763056969E+002
1822 4 1 49   5.00000000000E+002  5.00000000000E+002  6.59277544781E+002  2.57277183493E+002  8.48015749504E+002
1822 4 1 53   5.00000000000E+002  5.00000000000E+002  6.69017815258E+002  2.57054350491E+002  8.38268442038E+002
1822 4 1 57   5.00000000000E+002  5.00000000000E+002  6.78758085734E+002  2.56849743518E+002  8.28521134573E+002
1822 4 1 61   5.00000000000E+002  5.00000000000E+002  6.88498356211E+002  2.56657767632E+002  8.18773827107E+002
1822 4 1 65   5.00000000000E+002  5.00000000000E+002  6.98238626687E+002  2.56474738930E+002  8.09026519642E+002
1822 4 1 69   5.00000000000E+002  5.00000000000E+002  7.07978897164E+002  2.56298265955E+002  7.99279212176E+002
1822 4 1 73   5.00000000000E+002  5.00000000000E+002  7.17719167640E+002  2.56126813077E+002  7.89531904711E+002
1822 4 1 77   5.00000000000E+002  5.00000000000E+002  7.27459438117E+002  2.55959401902E+002  7.79784597245E+002
1822 4 1 81   5.00000000000E+002  5.00000000000E+002  7.37199708593E+002  2.55795412263E+002  7.70037289779E+002
1822 4 1 85   5.00000000000E+002  5.00000000000E+002  7.46939979070E+002  2.55634452257E+002  7.60289982314E+002
1822 4 1 89   5.00000000000E+002  5.00000000000E+002  7.56680249546E+002  2.55476274636E+002  7.50542674848E+002
1822 4 1 93   5.00000000000E+002  5.00000000000E+002  7.66420520023E+002  2.55320723593E+002  7.40795367383E+002
1822 4 1 97   5.00000000000E+002  5.00000000000E+002  7.76160790499E+002  2.55167701088E+002  7.31048059917E+002
1822 4 1 101   5.00000000000E+002  5.00000000000E+002  7.85901060976E+002  2.55017145606E+002  7.21300752452E+002
1822 4 1 105   5.00000000000E+002  5.00000000000E+002  7.95641331452E+002  2.54869018744E+002  7.11553444986E+002
1822 4 1 109   5.00000000000E+002  5.00000000000E+002  8.05381601929E+002  2.54723296736E+002  7.01806137520E+002
1822 4 1 113   5.00000000000E+002  5.00000000000E+002  8.15121872405E+002  2.54579965084E+002  6.92058830055E+002
1822 4 1 117   5.00000000000E+002  5.00000000000E+002  8.24862142881E+002  2.54439015146E+002  6.82311522589E+002
1822 4 1 121   5.00000000000E+002  5.00000000000E+002  8.34602413358E+002  2.54300441973E+002  6.72564215124E+002
1822 4 1 125   5.00000000000E+002  5.00000000000E+002  8.44342683834E+002  2.54164242939E+002  6.62816907658E+002
1822 4 1 129   5.00000000000E+002  5.00000000000E+002  8.54082954311E+002  2.54030416881E+002  6.53069600193E+002
1822 4 1 133   5.00000000000E+002  5.00000000000E+002  8.63823224787E+002  2.53898963553E+002  6.43322292727E+002
1822 4 1 137   5.00000000000E+002  5.00000000000E+002  8.73563495264E+002  2.53769883303E+002  6.33574985262E+002
1822 4 1 141   5.00000000000E+002  5.00000000000E+002  8.83303765740E+002  2.53643176872E+002  6.23827677796E+002
1822 4 1 145   5.00000000000E+002  5.00000000000E+002  8.93044036217E+002  2.53518845280E+002  6.14080370330E+002
1822 4 1 149   5.00000000000E+002  5.00000000000E+002  9.02784306693E+002  2.53396889768E+002  6.04333062865E+002
1822 4 1 153   5.00000000000E+002  5.00000000000E+002  9.12524577170E+002  2.53277311771E+002  5.94585755399E+002
1822 4 1 157   5.00000000000E+002  5.00000000000E+002  9.22264847646E+002  2.53160112912E+002  5.84838447934E+002
1822 4 1 161   5.00000000000E+002  5.00000000000E+002  9.32005118123E+002  2.53045295003E+002  5.75091140468E+002
1822 4 1 165   5.00000000000E+002  5.00000000000E+002  9.41745388599E+002  2.52932860067E+002  5.65343833003E+002
1822 4 1 169   5.00000000000E+002  5.00000000000E+002  9.51485659076E+002  2.52822810347E+002  5.55596525537E+002
1822 4 1 173   5.00000000000E+002  5.00000000000E+002  9.61225929552E+002  2.52715148328E+002  5.45849218071E+002
1822 4 1 177   5.00000000000E+002  5.00000000000E+002  9.70966200029E+002  2.52609876755E+002  5.36101910606E+002
1822 4 1 181   5.00000000000E+002  5.00000000000E+002  9.80706470505E+002  2.52506998656E+002  5.26354603140E+002
1822 4 1 185   5.00000000000E+002  5.00000000000E+002  9.90446740981E+002  2.52406517357E+002  5.16607295675E+002
1822 4 1 189   5.00000000000E+002  5.00000000000E+002  1.00018701146E+003  2.52308436502E+002  5.06859988209E+002
1822 4 1 193   5.00000000000E+002  5.00000000000E+002  1.00992728193E+003  2.52212760069E+002  4.97112680744E+002
1822 4 1 197   5.00000000000E+002  5.00000000000E+002  1.01966755241E+003  2.52119492391E+002  4.87365373278E+002
1822 4 1 201   5.00000000000E+002  5.00000000000E+002  1.02940782289E+003  2.52028638166E+002  4.77618065813E+002
1822 4 1 205   5.00000000000E+002  5.00000000000E+002  1.03914809336E+003  2.51940202477E+002  4.67870758347E+002
1822 4 1 209   5.00000000000E+002  5.00000000000E+002  1.04888836384E+003  2.51854190805E+002  4.58123450881E+002
1822 4 1 213   5.00000000000E+002  5.00000000000E+002  1.05862863432E+003  2.51770609042E+002  4.48376143416E+002
1822 4 1 217   5.00000000000E+002  5.00000000000E+002  1.06836890479E+003  2.51689463506E+002  4.38628835950E+002
1822 4 1 221   5.00000000000E+002  5.00000000000E+002  1.07810917527E+003  2.51610760954E+002  4.28881528485E+002
1822 4 1 225   5.00000000000E+002  5.00000000000E+002  1.08784944575E+003  2.51534508596E+002  4.19134221019E+002
1822 4 1 229   5.00000000000E+002  5.00000000000E+002  1.09758971622E+003  2.51460714107E+002  4.09386913554E+002
1822 4 1 233   5.00000000000E+002  5.00000000000E+002  1.10732998670E+003  2.51389385644E+002  3.99639606088E+002
1822 4 1 237   5.00000000000E+002  5.00000000000E+002  1.11707025718E+003  2.51320531856E+002  3.89892298622E+002
1822 4 1 241   5.00000000000E+002  5.00000000000E+002  1.12681052765E+003  2.51254161904E+002  3.80144991157E+002
1822 4 1 245   5.00000000000E+002  5.00000000000E+002  1.13655079813E+003  2.51190285473E+002  3.70397683691E+002
1822 4 1 249   5.00000000000E+002  5.00000000000E+002  1.14629106861E+003  2.51128912792E+002  3.60650376226E+002
1822 4 1 253   5.00000000000E+002  5.00000000000E+002  1.15603133908E+003  2.51070054653E+002  3.50903068760E+002
1822 4 1 257   5.00000000000E+002  5.00000000000E+002  1.16577160956E+003  2.51013722433E+002  3.41155761295E+002
1822 4 1 261   5.00000000000E+002  5.00000000000E+002  1.17551188003E+003  2.50959928113E+002  3.31408453829E+002
1822 4 1 265   5.00000000000E+002  5.00000000000E+002  1.18525215051E+003  2.50908684308E+002  3.21661146364E+002
1822 4 1 269   5.00000000000E+002  5.00000000000E+002  1.19499242099E+003  2.50860004289E+002  3.11913838898E+002
1822 4 1 273   5.00000000000E+002  5.00000000000E+002  1.20473269146E+003  2.50813902017E+002  3.02166531432E+002
1822 4 1 277   5.00000000000E+002  5.00000000000E+002  1.21447296194E+003  2.50770392174E+002  2.92419223967E+002
1822 4 1 281   5.00000000000E+002  5.00000000000E+002  1.22421323242E+003  2.50729490194E+002  2.82671916501E+002
1822 4 1 285   5.00000000000E+002  5.00000000000E+002  1.23395350289E+003  2.50691212304E+002  2.72924609036E+002
1822 4 1 289   5.00000000000E+002  5.00000000000E+002  1.24369377337E+003  2.50655575552E+002  2.63177301570E+002
1822 4 1 293   5.00000000000E+002  5.00000000000E+002  1.25343404385E+003  2.50622597853E+002  2.53429994105E+002
1822 4 1 297   5.00000000000E+002  5.00000000000E+002  1.26317431432E+003  2.50592298017E+002  2.43682686639E+002
1822 4 1 301   5.00000000000E+002  5.00000000000E+002  1.27291458480E+003  2.50564695785E+002  2.33935379173E+002
1822 4 1 305   5.00000000000E+002  5.00000000000E+002  1.28265485528E+003  2.50539811857E+002  2.24188071708E+002
1822 4 1 309   5.00000000000E+002  5.00000000000E+002  1.29239512575E+003  2.50517667911E+002  2.14440764242E+002
1822 4 1 313   5.00000000000E+002  5.00000000000E+002  1.30213539623E+003  2.50498286614E+002  2.04693456777E+002
1822 4 1 317   5.00000000000E+002  5.00000000000E+002  1.31187566670E+003  2.50481691623E+002  1.94946149311E+002
1822 4 1 321   5.00000000000E+002  5.00000000000E+002  1.32161593718E+003  2.50467907558E+002  1.85198841846E+002
1822 4 1 325   5.00000000000E+002  5.00000000000E+002  1.33135620766E+003  2.50456959966E+002  1.75451534380E+002
1822 4 1 329   5.00000000000E+002  5.00000000000E+002  1.34109647813E+003  2.50448875251E+002  1.65704226915E+002
1822 4 1 333   5.00000000000E+002  5.00000000000E+002  1.35083674861E+003  2.50443680572E+002  1.55956919449E+002
1822 4 1 337   5.00000000000E+002  5.00000000000E+002  1.36057701909E+003  2.50441403713E+002  1.46209611983E+002
1822 4 1 341   5.00000000000E+002  5.00000000000E+002  1.37031728956E+003  2.50442072905E+002  1.36462304518E+002
1822 4 1 345   5.00000000000E+002  5.00000000000E+002  1.38005756004E+003  2.50445716608E+002  1.26714997052E+002
1822 4 1 349   5.00000000000E+002  5.00000000000E+002  1.38979783052E+003  2.50452363242E+002  1.16967689587E+002
1822 4 1 353   5.00000000000E+002  5.00000000000E+002  1.39953810099E+003  2.50462040879E+002  1.07220382121E+002
1822 4 1 357   5.00000000000E+002  5.00000000000E+002  1.40927837147E+003  2.50474776879E+002  9.74730746556E+001
1822 4 1 361   5.00000000000E+002  5.00000000000E+002  1.41901864195E+003  2.50490597490E+002  8.77257671900E+001
1822 4 1 365   5.00000000000E+002  5.00000000000E+002  1.42875891242E+003  2.50509527408E+002  7.79784597245E+001
1822 4 1 369   5.00000000000E+002  5.00000000000E+002  1.43849918290E+003  2.50531589319E+002  6.82311522589E+001
1822 4 1 373   5.00000000000E+002  5.00000000000E+002  1.44823945338E+003  2.50556803424E+002  5.84838447934E+001
1822 4 1 377   5.00000000000E+002  5.00000000000E+002  1.45797972385E+003  2.50585186992E+002  4.87365373278E+001
1822 4 1 381   5.00000000000E+002  5.00000000000E+002  1.46771999433E+003  2.50616753931E+002  3.89892298622E+001
1822 4 1 385   5.00000000000E+002  5.00000000000E+002  1.47746026480E+003  2.50651514451E+002  2.92419223967E+001
1822 4 1 389   5.00000000000E+002  5.00000000000E+002  1.48720053528E+003  2.50689474810E+002  1.94946149311E+001
1822 4 1 393   5.00000000000E+002  5.00000000000E+002  1.49694080576E+003  2.50730637219E+002  9.74730746556E+000
1822 4 1 397   5.00000000000E+002  5.00000000000E+002  1.50668107623E+003  2.50774999908E+002  0.00000000000E+000
2429 5 1 1   5.00000000000E+002  5.00000000000E+002  8.19275378800E+002  2.70750000006E+002  6.90131238053E+002
2429 5 1 5   5.00000000000E+002  5.00000000000E+002  8.26252804387E+002  2.70505214443E+002  6.83160215447E+002
2429 5 1 9   5.00000000000E+002  5.00000000000E+002  8.33230229974E+002  2.70235398875E+002  6.76189192840E+002
2429 5 1 13   5.00000000000E+002  5.00000000000E+002  8.40207655561E+002  2.69942569068E+002  6.69218170233E+002
2429 5 1 17   5.00000000000E+002  5.00000000000E+002  8.47185081148E+002  2.69627710789E+002  6.62247147627E+002
2429 5 1 21   5.00000000000E+002  5.00000000000E+002  8.54162506735E+002  2.69291267625E+002  6.55276125020E+002
2429 5 1 25   5.00000000000E+002  5.00000000000E+002  8.61139932323E+002  2.68933535329E+002  6.48305102414E+002
2429 5 1 29   5.00000000000E+002  5.00000000000E+002  8.68117357910E+002  2.68554922941E+002  6.41334079807E+002
2429 5 1 33   5.00000000000E+002  5.00000000000E+002  8.75094783497E+002  2.68156096112E+002  6.34363057200E+002
2429 5 1 37   5.00000000000E+002  5.00000000000E+002  8.82072209084E+002  2.67738033802E+002  6.27392034594E+002
2429 5 1 41   5.00000000000E+002  5.00000000000E+002  8.89049634671E+002  2.67302028068E+002  6.20421011987E+002
2429 5 1 45   5.00000000000E+002  5.00000000000E+002  8.96027060258E+002  2.66849650305E+002  6.13449989381E+002
2429 5 1 49   5.00000000000E+002  5.00000000000E+002  9.03004485845E+002  2.66382700575E+002  6.06478966774E+002
2429 5 1 53   5.00000000000E+002  5.00000000000E+002  9.09981911432E+002  2.65903151022E+002  5.99507944167E+002
2429 5 1 57   5.00000000000E+002  5.00000000000E+002  9.16959337019E+002  2.65413090104E+002  5.92536921561E+002
2429 5 1 61   5.00000000000E+002  5.00000000000E+002  9.23936762607E+002  2.64914671362E+002  5.85565898954E+002
2429 5 1 65   5.00000000000E+002  5.00000000000E+002  9.30914188194E+002  2.64410068436E+002  5.78594876348E+002
2429 5 1 69   5.00000000000E+002  5.00000000000E+002  9.37891613781E+002  2.63901436828E+002  5.71623853741E+002
2429 5 1 73   5.00000000000E+002  5.00000000000E+002  9.44869039368E+002  2.63390882212E+002  5.64652831134E+002
2429 5 1 77   5.00000000000E+002  5.00000000000E+002  9.51846464955E+002  2.62880434761E+002  5.57681808528E+002
2429 5 1 81   5.00000000000E+002  5.00000000000E+002  9.58823890542E+002  2.62372028816E+002  5.50710785921E+002
2429 5 1 85   5.00000000000E+002  5.00000000000E+002  9.65801316129E+002  2.61867487206E+002  5.43739763315E+002
2429 5 1 89   5.00000000000E+002  5.00000000000E+002  9.72778741716E+002  2.61368509563E+002  5.36768740708E+002
2429 5 1 93   5.00000000000E+002  5.00000000000E+002  9.79756167303E+002  2.60876664042E+002  5.29797718101E+002
2429 5 1 97   5.00000000000E+002  5.00000000000E+002  9.86733592890E+002  2.60393381922E+002  5.22826695495E+002
2429 5 1 101   5.00000000000E+002  5.00000000000E+002  9.93711018478E+002  2.59919954648E+002  5.15855672888E+002
2429 5 1 105   5.00000000000E+002  5.00000000000E+002  1.00068844406E+003  2.59457532921E+002  5.08884650282E+002
2429 5 1 109   5.00000000000E+002  5.00000000000E+002  1.00766586965E+003  2.59007127526E+002  5.01913627675E+002
2429 5 1 113   5.00000000000E+002  5.00000000000E+002  1.01464329524E+003  2.58569611621E+002  4.94942605068E+002
2429 5 1 117   5.00000000000E+002  5.00000000000E+002  1.02162072083E+003  2.58145724258E+002  4.87971582462E+002
2429 5 1 121   5.00000000000E+002  5.00000000000E+002  1.02859814641E+003  2.57736074941E+002  4.81000559855E+002
2429 5 1 125   5.00000000000E+002  5.00000000000E+002  1.03557557200E+003  2.57341149062E+002  4.74029537249E+002
2429 5 1 129   5.00000000000E+002  5.00000000000E+002  1.04255299759E+003  2.56961314058E+002  4.67058514642E+002
2429 5 1 133   5.00000000000E+002  5.00000000000E+002  1.04953042317E+003  2.56596826156E+002  4.60087492035E+002
2429 5 1 137   5.00000000000E+002  5.00000000000E+002  1.05650784876E+003  2.56247837588E+002  4.53116469429E+002
2429 5 1 141   5.00000000000E+002  5.00000000000E+002  1.06348527435E+003  2.55914404168E+002  4.46145446822E+002
2429 5 1 145   5.00000000000E+002  5.00000000000E+002  1.07046269994E+003  2.55596493101E+002  4.39174424216E+002
2429 5 1 149   5.00000000000E+002  5.00000000000E+002  1.07744012552E+003  2.55293990954E+002  4.32203401609E+002
2429 5 1 153   5.00000000000E+002  5.00000000000E+002  1.08441755111E+003  2.55006711670E+002  4.25232379002E+002
2429 5 1 157   5.00000000000E+002  5.00000000000E+002  1.09139497670E+003  2.54734404539E+002  4.18261356396E+002
2429 5 1 161   5.00000000000E+002  5.00000000000E+002  1.09837240228E+003  2.54476762058E+002  4.11290333789E+002
2429 5 1 165   5.00000000000E+002  5.00000000000E+002  1.10534982787E+003  2.54233427589E+002  4.04319311183E+002
2429 5 1 169   5.00000000000E+002  5.00000000000E+002  1.11232725346E+003  2.54004002754E+002  3.97348288576E+002
2429 5 1 173   5.00000000000E+002  5.00000000000E+002  1.11930467905E+003  2.53788054520E+002  3.90377265969E+002
2429 5 1 177   5.00000000000E+002  5.00000000000E+002  1.12628210463E+003  2.53585121902E+002  3.83406243363E+002
2429 5 1 181   5.00000000000E+002  5.00000000000E+002  1.13325953022E+003  2.53394722274E+002  3.76435220756E+002
2429 5 1 185   5.00000000000E+002  5.00000000000E+002  1.14023695581E+003  2.53216357229E+002  3.69464198150E+002
2429 5 1 189   5.00000000000E+002  5.00000000000E+002  1.14721438139E+003  2.53049517993E+002  3.62493175543E+002
2429 5 1 193   5.00000000000E+002  5.00000000000E+002  1.15419180698E+003  2.52893690358E+002  3.55522152936E+002
2429 5 1 197   5.00000000000E+002  5.00000000000E+002  1.16116923257E+003  2.52748359146E+002  3.48551130330E+002
2429 5 1 201   5.00000000000E+002  5.00000000000E+002  1.16814665816E+003  2.52613012188E+002  3.41580107723E+002
2429 5 1 205   5.00000000000E+002  5.00000000000E+002  1.17512408374E+003  2.52487143845E+002  3.34609085117E+002
2429 5 1 209   5.00000000000E+002  5.00000000000E+002  1.18210150933E+003  2.52370258068E+002  3.27638062510E+002
2429 5 1 213   5.00000000000E+002  5.00000000000E+002  1.18907893492E+003  2.52261871027E+002  3.20667039903E+002
2429 5 1 217   5.00000000000E+002  5.00000000000E+002  1.19605636050E+003  2.52161513316E+002  3.13696017297E+002
2429 5 1 221   5.00000000000E+002  5.00000000000E+002  1.20303378609E+003  2.52068731777E+002  3.06724994690E+002
2429 5 1 225   5.00000000000E+002  5.00000000000E+002  1.21001121168E+003  2.51983090949E+002  2.99753972084E+002
2429 5 1 229   5.00000000000E+002  5.00000000000E+002  1.21698863726E+003  2.51904174188E+002  2.92782949477E+002
2429 5 1 233   5.00000000000E+002  5.00000000000E+002  1.22396606285E+003  2.51831584473E+002  2.85811926870E+002
2429 5 1 237   5.00000000000E+002  5.00000000000E+002  1.23094348844E+003  2.51764944935E+002  2.78840904264E+002
2429 5 1 241   5.00000000000E+002  5.00000000000E+002  1.23792091403E+003  2.51703899135E+002  2.71869881657E+002
2429 5 1 245   5.00000000000E+002  5.00000000000E+002  1.24489833961E+003  2.51648111120E+002  2.64898859051E+002
2429 5 1 249   5.00000000000E+002  5.00000000000E+002  1.25187576520E+003  2.51597265282E+002  2.57927836444E+002
2429 5 1 253   5.00000000000E+002  5.00000000000E+002  1.25885319079E+003  2.51551066050E+002  2.50956813837E+002
2429 5 1 257   5.00000000000E+002  5.00000000000E+002  1.26583061637E+003  2.51509237436E+002  2.43985791231E+002
2429 5 1 261   5.00000000000E+002  5.00000000000E+002  1.27280804196E+003  2.51471522461E+002  2.37014768624E+002
2429 5 1 265   5.00000000000E+002  5.00000000000E+002  1.27978546755E+003  2.51437682482E+002  2.30043746018E+002
2429 5 1 269   5.00000000000E+002  5.00000000000E+002  1.28676289314E+003  2.51407496436E+002  2.23072723411E+002
2429 5 1 273   5.00000000000E+002  5.00000000000E+002  1.29374031872E+003  2.51380760026E+002  2.16101700804E+002
2429 5 1 277   5.00000000000E+002  5.00000000000E+002  1.30071774431E+003  2.51357284856E+002  2.09130678198E+002
2429 5 1 281   5.00000000000E+002  5.00000000000E+002  1.30769516990E+003  2.51336897543E+002  2.02159655591E+002
2429 5 1 285   5.00000000000E+002  5.00000000000E+002  1.31467259548E+003  2.51319438800E+002  1.95188632985E+002
2429 5 1 289   5.00000000000E+002  5.00000000000E+002  1.32165002107E+003  2.51304762520E+002  1.88217610378E+002
2429 5 1 293   5.00000000000E+002  5.00000000000E+002  1.32862744666E+003  2.51292734857E+002  1.81246587771E+002
2429 5 1 297   5.00000000000E+002  5.00000000000E+002  1.33560487225E+003  2.51283233324E+002  1.74275565165E+002
2429 5 1 301   5.00000000000E+002  5.00000000000E+002  1.34258229783E+003  2.51276145897E+002  1.67304542558E+002
2429 5 1 305   5.00000000000E+002  5.00000000000E+002  1.34955972342E+003  2.51271370154E+002  1.60333519952E+002
2429 5 1 309   5.00000000000E+002  5.00000000000E+002  1.35653714901E+003  2.51268812437E+002  1.53362497345E+002
2429 5 1 313   5.00000000000E+002  5.00000000000E+002  1.36351457459E+003  2.51268387039E+002  1.46391474738E+002
2429 5 1 317   5.00000000000E+002  5.00000000000E+002  1.37049200018E+003  2.51270015434E+002  1.39420452132E+002
2429 5 1 321   5.00000000000E+002  5.00000000000E+002  1.37746942577E+003  2.51273625539E+002  1.32449429525E+002
2429 5 1 325   5.00000000000E+002  5.00000000000E+002  1.38444685136E+003  2.51279151009E+002  1.25478406919E+002
2429 5 1 329   5.00000000000E+002  5.00000000000E+002  1.39142427694E+003  2.51286530573E+002  1.18507384312E+002
2429 5 1 333   5.00000000000E+002  5.00000000000E+002  1.39840170253E+003  2.51295707407E+002  1.11536361706E+002
2429 5 1 337   5.00000000000E+002  5.00000000000E+002  1.40537912812E+003  2.51306628543E+002  1.04565339099E+002
2429 5 1 341   5.00000000000E+002  5.00000000000E+002  1.41235655370E+003  2.51319244316E+002  9.75943164923E+001
2429 5 1 345   5.00000000000E+002  5.00000000000E+002  1.41933397929E+003  2.51333507841E+002  9.06232938857E+001
2429 5 1 349   5.00000000000E+002  5.00000000000E+002  1.42631140488E+003  2.51349374534E+002  8.36522712791E+001
2429 5 1 353   5.00000000000E+002  5.00000000000E+002  1.43328883046E+003  2.51366801654E+002  7.66812486725E+001
2429 5 1 357   5.00000000000E+002  5.00000000000E+002  1.44026625605E+003  2.51385747891E+002  6.97102260660E+001
2429 5 1 361   5.00000000000E+002  5.00000000000E+002  1.44724368164E+003  2.51406172971E+002  6.27392034594E+001
2429 5 1 365   5.00000000000E+002  5.00000000000E+002  1.45422110723E+003  2.51428037302E+002  5.57681808528E+001
2429 5 1 369   5.00000000000E+002  5.00000000000E+002  1.46119853281E+003  2.51451301639E+002  4.87971582462E+001
2429 5 1 373   5.00000000000E+002  5.00000000000E+002  1.46817595840E+003  2.51475926782E+002  4.18261356396E+001
2429 5 1 377   5.00000000000E+002  5.00000000000E+002  1.47515338399E+003  2.51501873299E+002  3.48551130330E+001
2429 5 1 381   5.00000000000E+002  5.00000000000E+002  1.48213080957E+003  2.51529101269E+002  2.78840904264E+001
2429 5 1 385   5.00000000000E+002  5.00000000000E+002  1.48910823516E+003  2.51557570056E+002  2.09130678198E+001
2429 5 1 389   5.00000000000E+002  5.00000000000E+002  1.49608566075E+003  2.51587238098E+002  1.39420452132E+001
2429 5 1 393   5.00000000000E+002  5.00000000000E+002  1.50306308634E+003  2.51618062722E+002  6.97102260660E+000
2429 5 1 397   5.00000000000E+002  5.00000000000E+002  1.51004051192E+003  2.51649999982E+002  0.00000000000E+000
