1 1 1 1   5.00000000000E+002  5.00000000000E+002  8.16397355303E+002  2.70851075255E+002  1.50000000000E+003
1 1 1 5   5.00000000000E+002  5.00000000000E+002  8.22531884419E+002  2.70812614948E+002  1.48484848485E+003
1 1 1 9   5.00000000000E+002  5.00000000000E+002  8.28666413535E+002  2.70765571515E+002  1.46969696970E+003
1 1 1 13   5.00000000000E+002  5.00000000000E+002  8.34800942652E+002  2.70708031653E+002  1.45454545455E+003
1 1 1 17   5.00000000000E+002  5.00000000000E+002  8.40935471768E+002  2.70638340376E+002  1.43939393939E+003
1 1 1 21   5.00000000000E+002  5.00000000000E+002  8.47070000884E+002  2.70554973701E+002  1.42424242424E+003
1 1 1 25   5.00000000000E+002  5.00000000000E+002  8.53204530000E+002  2.70456559573E+002  1.40909090909E+003
1 1 1 29   5.00000000000E+002  5.00000000000E+002  8.59339059116E+002  2.70341878966E+002  1.39393939394E+003
1 1 1 33   5.00000000000E+002  5.00000000000E+002  8.65473588233E+002  2.70209911146E+002  1.37878787879E+003
1 1 1 37   5.00000000000E+002  5.00000000000E+002  8.71608117349E+002  2.70059839045E+002  1.36363636364E+003
1 1 1 41   5.00000000000E+002  5.00000000000E+002  8.77742646465E+002  2.69891075042E+002  1.34848484848E+003
1 1 1 45   5.00000000000E+002  5.00000000000E+002  8.83877175581E+002  2.69703252460E+002  1.33333333333E+003
1 1 1 49   5.00000000000E+002  5.00000000000E+002  8.90011704698E+002  2.69496229793E+002  1.31818181818E+003
1 1 1 53   5.00000000000E+002  5.00000000000E+002  8.96146233814E+002  2.69270069473E+002  1.30303030303E+003
1 1 1 57   5.00000000000E+002  5.00000000000E+002  9.02280762930E+002  2.69025027191E+002  1.28787878788E+003
1 1 1 61   5.00000000000E+002  5.00000000000E+002  9.08415292046E+002  2.68761524292E+002  1.27272727273E+003
1 1 1 65   5.00000000000E+002  5.00000000000E+002  9.14549821162E+002  2.68480130652E+002  1.25757575758E+003
1 1 1 69   5.00000000000E+002  5.00000000000E+002  9.20684350279E+002  2.68181537507E+002  1.24242424242E+003
1 1 1 73   5.00000000000E+002  5.00000000000E+002  9.26818879395E+002  2.67866540834E+002  1.22727272727E+003
1 1 1 77   5.00000000000E+002  5.00000000000E+002  9.32953408511E+002  2.67536019226E+002  1.21212121212E+003
1 1 1 81   5.00000000000E+002  5.00000000000E+002  9.39087937627E+002  2.67190921524E+002  1.19696969697E+003
1 1 1 85   5.00000000000E+002  5.00000000000E+002  9.45222466743E+002  2.66832251237E+002  1.18181818182E+003
1 1 1 89   5.00000000000E+002  5.00000000000E+002  9.51356995860E+002  2.66461059025E+002  1.16666666667E+003
1 1 1 93   5.00000000000E+002  5.00000000000E+002  9.57491524976E+002  2.66078432625E+002  1.15151515152E+003
1 1 1 97   5.00000000000E+002  5.00000000000E+002  9.63626054092E+002  2.65685492725E+002  1.13636363636E+003
1 1 1 101   5.00000000000E+002  5.00000000000E+002  9.69760583208E+002  2.65283386133E+002  1.12121212121E+003
1 1 1 105   5.00000000000E+002  5.00000000000E+002  9.75895112325E+002  2.64873282917E+002  1.10606060606E+003
1 1 1 109   5.00000000000E+002  5.00000000000E+002  9.82029641441E+002  2.64456370577E+002  1.09090909091E+003
1 1 1 113   5.00000000000E+002  5.00000000000E+002  9.88164170557E+002  2.64033850723E+002  1.07575757576E+003
1 1 1 117   5.00000000000E+002  5.00000000000E+002  9.94298699673E+002  2.63606932764E+002  1.06060606061E+003
1 1 1 121   5.00000000000E+002  5.00000000000E+002  1.00043322879E+003  2.63176829272E+002  1.04545454545E+003
1 1 1 125   5.00000000000E+002  5.00000000000E+002  1.00656775791E+003  2.62744748685E+002  1.03030303030E+003
1 1 1 129   5.00000000000E+002  5.00000000000E+002  1.01270228702E+003  2.62311889403E+002  1.01515151515E+003
1 1 1 133   5.00000000000E+002  5.00000000000E+002  1.01883681614E+003  2.61879431604E+002  1.00000000000E+003
1 1 1 137   5.00000000000E+002  5.00000000000E+002  1.02497134525E+003  2.61448530819E+002  9.84848484848E+002
1 1 1 141   5.00000000000E+002  5.00000000000E+002  1.03110587437E+003  2.61020309619E+002  9.69696969697E+002
1 1 1 145   5.00000000000E+002  5.00000000000E+002  1.03724040349E+003  2.60595851278E+002  9.54545454545E+002
1 1 1 149   5.00000000000E+002  5.00000000000E+002  1.04337493260E+003  2.60176192185E+002  9.39393939394E+002
1 1 1 153   5.00000000000E+002  5.00000000000E+002  1.04950946172E+003  2.59762316372E+002  9.24242424242E+002
1 1 1 157   5.00000000000E+002  5.00000000000E+002  1.05564399084E+003  2.59355149264E+002  9.09090909091E+002
1 1 1 161   5.00000000000E+002  5.00000000000E+002  1.06177851995E+003  2.58955553619E+002  8.93939393939E+002
1 1 1 165   5.00000000000E+002  5.00000000000E+002  1.06791304907E+003  2.58564325003E+002  8.78787878788E+002
1 1 1 169   5.00000000000E+002  5.00000000000E+002  1.07404757818E+003  2.58182189407E+002  8.63636363636E+002
1 1 1 173   5.00000000000E+002  5.00000000000E+002  1.08018210730E+003  2.57809800590E+002  8.48484848485E+002
1 1 1 177   5.00000000000E+002  5.00000000000E+002  1.08631663642E+003  2.57447739407E+002  8.33333333333E+002
1 1 1 181   5.00000000000E+002  5.00000000000E+002  1.09245116553E+003  2.57096512935E+002  8.18181818182E+002
1 1 1 185   5.00000000000E+002  5.00000000000E+002  1.09858569465E+003  2.56756555368E+002  8.03030303030E+002
1 1 1 189   5.00000000000E+002  5.00000000000E+002  1.10472022377E+003  2.56428228718E+002  7.87878787879E+002
1 1 1 193   5.00000000000E+002  5.00000000000E+002  1.11085475288E+003  2.56111825009E+002  7.72727272727E+002
1 1 1 197   5.00000000000E+002  5.00000000000E+002  1.11698928200E+003  2.55807568275E+002  7.57575757576E+002
1 1 1 201   5.00000000000E+002  5.00000000000E+002  1.12312381111E+003  2.55515617716E+002  7.42424242424E+002
1 1 1 205   5.00000000000E+002  5.00000000000E+002  1.12925834023E+003  2.55236070697E+002  7.27272727273E+002
1 1 1 209   5.00000000000E+002  5.00000000000E+002  1.13539286935E+003  2.54968966595E+002  7.12121212121E+002
1 1 1 213   5.00000000000E+002  5.00000000000E+002  1.14152739846E+003  2.54714290357E+002  6.96969696970E+002
1 1 1 217   5.00000000000E+002  5.00000000000E+002  1.14766192758E+003  2.54471976901E+002  6.81818181818E+002
1 1 1 221   5.00000000000E+002  5.00000000000E+002  1.15379645669E+003  2.54241914874E+002  6.66666666667E+002
1 1 1 225   5.00000000000E+002  5.00000000000E+002  1.15993098581E+003  2.54023951352E+002  6.51515151515E+002
1 1 1 229   5.00000000000E+002  5.00000000000E+002  1.16606551493E+003  2.53817895596E+002  6.36363636364E+002
1 1 1 233   5.00000000000E+002  5.00000000000E+002  1.17220004404E+003  2.53623523811E+002  6.21212121212E+002
1 1 1 237   5.00000000000E+002  5.00000000000E+002  1.17833457316E+003  2.53440582724E+002  6.06060606061E+002
1 1 1 241   5.00000000000E+002  5.00000000000E+002  1.18446910228E+003  2.53268794238E+002  5.90909090909E+002
1 1 1 245   5.00000000000E+002  5.00000000000E+002  1.19060363139E+003  2.53107858679E+002  5.75757575758E+002
1 1 1 249   5.00000000000E+002  5.00000000000E+002  1.19673816051E+003  2.52957459221E+002  5.60606060606E+002
1 1 1 253   5.00000000000E+002  5.00000000000E+002  1.20287268962E+003  2.52817264691E+002  5.45454545455E+002
1 1 1 257   5.00000000000E+002  5.00000000000E+002  1.20900721874E+003  2.52686933691E+002  5.30303030303E+002
1 1 1 261   5.00000000000E+002  5.00000000000E+002  1.21514174786E+003  2.52566116866E+002  5.15151515152E+002
1 1 1 265   5.00000000000E+002  5.00000000000E+002  1.22127627697E+003  2.52454460695E+002  5.00000000000E+002
1 1 1 269   5.00000000000E+002  5.00000000000E+002  1.22741080609E+003  2.52351609155E+002  4.84848484848E+002
1 1 1 273   5.00000000000E+002  5.00000000000E+002  1.23354533521E+003  2.52257207164E+002  4.69696969697E+002
1 1 1 277   5.00000000000E+002  5.00000000000E+002  1.23967986432E+003  2.52170901615E+002  4.54545454545E+002
1 1 1 281   5.00000000000E+002  5.00000000000E+002  1.24581439344E+003  2.52092344485E+002  4.39393939394E+002
1 1 1 285   5.00000000000E+002  5.00000000000E+002  1.25194892255E+003  2.52021193228E+002  4.24242424242E+002
1 1 1 289   5.00000000000E+002  5.00000000000E+002  1.25808345167E+003  2.51957113578E+002  4.09090909091E+002
1 1 1 293   5.00000000000E+002  5.00000000000E+002  1.26421798079E+003  2.51899779103E+002  3.93939393939E+002
1 1 1 297   5.00000000000E+002  5.00000000000E+002  1.27035250990E+003  2.51848874169E+002  3.78787878788E+002
1 1 1 301   5.00000000000E+002  5.00000000000E+002  1.27648703902E+003  2.51804092429E+002  3.63636363636E+002
1 1 1 305   5.00000000000E+002  5.00000000000E+002  1.28262156814E+003  2.51765139888E+002  3.48484848485E+002
1 1 1 309   5.00000000000E+002  5.00000000000E+002  1.28875609725E+003  2.51731732455E+002  3.33333333333E+002
1 1 1 313   5.00000000000E+002  5.00000000000E+002  1.29489062637E+003  2.51703599246E+002  3.18181818182E+002
1 1 1 317   5.00000000000E+002  5.00000000000E+002  1.30102515548E+003  2.51680479069E+002  3.03030303030E+002
1 1 1 321   5.00000000000E+002  5.00000000000E+002  1.30715968460E+003  2.51662124219E+002  2.87878787879E+002
1 1 1 325   5.00000000000E+002  5.00000000000E+002  1.31329421372E+003  2.51648295706E+002  2.72727272727E+002
1 1 1 329   5.00000000000E+002  5.00000000000E+002  1.31942874283E+003  2.51638767867E+002  2.57575757576E+002
1 1 1 333   5.00000000000E+002  5.00000000000E+002  1.32556327195E+003  2.51633322071E+002  2.42424242424E+002
1 1 1 337   5.00000000000E+002  5.00000000000E+002  1.33169780106E+003  2.51631752586E+002  2.27272727273E+002
1 1 1 341   5.00000000000E+002  5.00000000000E+002  1.33783233018E+003  2.51633858369E+002  2.12121212121E+002
1 1 1 345   5.00000000000E+002  5.00000000000E+002  1.34396685930E+003  2.51639450781E+002  1.96969696970E+002
1 1 1 349   5.00000000000E+002  5.00000000000E+002  1.35010138841E+003  2.51648342880E+002  1.81818181818E+002
1 1 1 353   5.00000000000E+002  5.00000000000E+002  1.35623591753E+003  2.51660359818E+002  1.66666666667E+002
1 1 1 357   5.00000000000E+002  5.00000000000E+002  1.36237044665E+003  2.51675324779E+002  1.51515151515E+002
1 1 1 361   5.00000000000E+002  5.00000000000E+002  1.36850497576E+003  2.51693073214E+002  1.36363636364E+002
1 1 1 365   5.00000000000E+002  5.00000000000E+002  1.37463950488E+003  2.51713434151E+002  1.21212121212E+002
1 1 1 369   5.00000000000E+002  5.00000000000E+002  1.38077403399E+003  2.51736249846E+002  1.06060606061E+002
1 1 1 373   5.00000000000E+002  5.00000000000E+002  1.38690856311E+003  2.51761350463E+002  9.09090909091E+001
1 1 1 377   5.00000000000E+002  5.00000000000E+002  1.39304309223E+003  2.51788581032E+002  7.57575757576E+001
1 1 1 381   5.00000000000E+002  5.00000000000E+002  1.39917762134E+003  2.51817765447E+002  6.06060606061E+001
1 1 1 385   5.00000000000E+002  5.00000000000E+002  1.40531215046E+003  2.51848740612E+002  4.54545454545E+001
1 1 1 389   5.00000000000E+002  5.00000000000E+002  1.41144667958E+003  2.51881295865E+002  3.03030303030E+001
1 1 1 393   5.00000000000E+002  5.00000000000E+002  1.41758120869E+003  2.51915192641E+002  1.51515151515E+001
1 1 1 397   5.00000000000E+002  5.00000000000E+002  1.42371573781E+003  2.51950000000E+002  0.00000000000E+000
32 2 1 1   5.00000000000E+002  5.00000000000E+002  7.97478590303E+002  2.70884408588E+002  6.14037757528E+002
32 2 1 5   5.00000000000E+002  5.00000000000E+002  8.03684996503E+002  2.70853668667E+002  6.07835355936E+002
32 2 1 9   5.00000000000E+002  5.00000000000E+002  8.09891402703E+002  2.70816673211E+002  6.01632954345E+002
32 2 1 13   5.00000000000E+002  5.00000000000E+002  8.16097808903E+002  2.70772717614E+002  5.95430552754E+002
32 2 1 17   5.00000000000E+002  5.00000000000E+002  8.22304215103E+002  2.70721052890E+002  5.89228151163E+002
32 2 1 21   5.00000000000E+002  5.00000000000E+002  8.28510621303E+002  2.70660880128E+002  5.83025749572E+002
32 2 1 25   5.00000000000E+002  5.00000000000E+002  8.34717027503E+002  2.70591350382E+002  5.76823347980E+002
32 2 1 29   5.00000000000E+002  5.00000000000E+002  8.40923433703E+002  2.70511572516E+002  5.70620946389E+002
32 2 1 33   5.00000000000E+002  5.00000000000E+002  8.47129839903E+002  2.70420628535E+002  5.64418544798E+002
32 2 1 37   5.00000000000E+002  5.00000000000E+002  8.53336246103E+002  2.70317594444E+002  5.58216143207E+002
32 2 1 41   5.00000000000E+002  5.00000000000E+002  8.59542652303E+002  2.70201564249E+002  5.52013741616E+002
32 2 1 45   5.00000000000E+002  5.00000000000E+002  8.65749058504E+002  2.70071674850E+002  5.45811340025E+002
32 2 1 49   5.00000000000E+002  5.00000000000E+002  8.71955464704E+002  2.69927130047E+002  5.39608938433E+002
32 2 1 53   5.00000000000E+002  5.00000000000E+002  8.78161870904E+002  2.69767222375E+002  5.33406536842E+002
32 2 1 57   5.00000000000E+002  5.00000000000E+002  8.84368277104E+002  2.69591351909E+002  5.27204135251E+002
32 2 1 61   5.00000000000E+002  5.00000000000E+002  8.90574683304E+002  2.69399041582E+002  5.21001733660E+002
32 2 1 65   5.00000000000E+002  5.00000000000E+002  8.96781089504E+002  2.69189948760E+002  5.14799332069E+002
32 2 1 69   5.00000000000E+002  5.00000000000E+002  9.02987495704E+002  2.68963873099E+002  5.08596930477E+002
32 2 1 73   5.00000000000E+002  5.00000000000E+002  9.09193901904E+002  2.68720760790E+002  5.02394528886E+002
32 2 1 77   5.00000000000E+002  5.00000000000E+002  9.15400308104E+002  2.68460705448E+002  4.96192127295E+002
32 2 1 81   5.00000000000E+002  5.00000000000E+002  9.21606714304E+002  2.68183945974E+002  4.89989725704E+002
32 2 1 85   5.00000000000E+002  5.00000000000E+002  9.27813120504E+002  2.67890861768E+002  4.83787324113E+002
32 2 1 89   5.00000000000E+002  5.00000000000E+002  9.34019526704E+002  2.67581965713E+002  4.77584922521E+002
32 2 1 93   5.00000000000E+002  5.00000000000E+002  9.40225932904E+002  2.67257895357E+002  4.71382520930E+002
32 2 1 97   5.00000000000E+002  5.00000000000E+002  9.46432339104E+002  2.66919402695E+002  4.65180119339E+002
32 2 1 101   5.00000000000E+002  5.00000000000E+002  9.52638745304E+002  2.66567342973E+002  4.58977717748E+002
32 2 1 105   5.00000000000E+002  5.00000000000E+002  9.58845151504E+002  2.66202662831E+002  4.52775316157E+002
32 2 1 109   5.00000000000E+002  5.00000000000E+002  9.65051557704E+002  2.65826388120E+002  4.46572914565E+002
32 2 1 113   5.00000000000E+002  5.00000000000E+002  9.71257963904E+002  2.65439611628E+002  4.40370512974E+002
32 2 1 117   5.00000000000E+002  5.00000000000E+002  9.77464370105E+002  2.65043480931E+002  4.34168111383E+002
32 2 1 121   5.00000000000E+002  5.00000000000E+002  9.83670776305E+002  2.64639186525E+002  4.27965709792E+002
32 2 1 125   5.00000000000E+002  5.00000000000E+002  9.89877182505E+002  2.64227950341E+002  4.21763308201E+002
32 2 1 129   5.00000000000E+002  5.00000000000E+002  9.96083588705E+002  2.63811014745E+002  4.15560906610E+002
32 2 1 133   5.00000000000E+002  5.00000000000E+002  1.00228999490E+003  2.63389632056E+002  4.09358505018E+002
32 2 1 137   5.00000000000E+002  5.00000000000E+002  1.00849640110E+003  2.62965054639E+002  4.03156103427E+002
32 2 1 141   5.00000000000E+002  5.00000000000E+002  1.01470280730E+003  2.62538525575E+002  3.96953701836E+002
32 2 1 145   5.00000000000E+002  5.00000000000E+002  1.02090921350E+003  2.62111269944E+002  3.90751300245E+002
32 2 1 149   5.00000000000E+002  5.00000000000E+002  1.02711561970E+003  2.61684486722E+002  3.84548898654E+002
32 2 1 153   5.00000000000E+002  5.00000000000E+002  1.03332202590E+003  2.61259341321E+002  3.78346497062E+002
32 2 1 157   5.00000000000E+002  5.00000000000E+002  1.03952843211E+003  2.60836958769E+002  3.72144095471E+002
32 2 1 161   5.00000000000E+002  5.00000000000E+002  1.04573483831E+003  2.60418417562E+002  3.65941693880E+002
32 2 1 165   5.00000000000E+002  5.00000000000E+002  1.05194124451E+003  2.60004744187E+002  3.59739292289E+002
32 2 1 169   5.00000000000E+002  5.00000000000E+002  1.05814765071E+003  2.59596908351E+002  3.53536890698E+002
32 2 1 173   5.00000000000E+002  5.00000000000E+002  1.06435405691E+003  2.59195818904E+002  3.47334489106E+002
32 2 1 177   5.00000000000E+002  5.00000000000E+002  1.07056046311E+003  2.58802320482E+002  3.41132087515E+002
32 2 1 181   5.00000000000E+002  5.00000000000E+002  1.07676686931E+003  2.58417190850E+002  3.34929685924E+002
32 2 1 185   5.00000000000E+002  5.00000000000E+002  1.08297327551E+003  2.58041138960E+002  3.28727284333E+002
32 2 1 189   5.00000000000E+002  5.00000000000E+002  1.08917968171E+003  2.57674803692E+002  3.22524882742E+002
32 2 1 193   5.00000000000E+002  5.00000000000E+002  1.09538608791E+003  2.57318753268E+002  3.16322481151E+002
32 2 1 197   5.00000000000E+002  5.00000000000E+002  1.10159249411E+003  2.56973485301E+002  3.10120079559E+002
32 2 1 201   5.00000000000E+002  5.00000000000E+002  1.10779890031E+003  2.56639427450E+002  3.03917677968E+002
32 2 1 205   5.00000000000E+002  5.00000000000E+002  1.11400530651E+003  2.56316938634E+002  2.97715276377E+002
32 2 1 209   5.00000000000E+002  5.00000000000E+002  1.12021171271E+003  2.56006310762E+002  2.91512874786E+002
32 2 1 213   5.00000000000E+002  5.00000000000E+002  1.12641811891E+003  2.55707770927E+002  2.85310473195E+002
32 2 1 217   5.00000000000E+002  5.00000000000E+002  1.13262452511E+003  2.55421484002E+002  2.79108071603E+002
32 2 1 221   5.00000000000E+002  5.00000000000E+002  1.13883093131E+003  2.55147555597E+002  2.72905670012E+002
32 2 1 225   5.00000000000E+002  5.00000000000E+002  1.14503733751E+003  2.54886035308E+002  2.66703268421E+002
32 2 1 229   5.00000000000E+002  5.00000000000E+002  1.15124374371E+003  2.54636920210E+002  2.60500866830E+002
32 2 1 233   5.00000000000E+002  5.00000000000E+002  1.15745014991E+003  2.54400158533E+002  2.54298465239E+002
32 2 1 237   5.00000000000E+002  5.00000000000E+002  1.16365655611E+003  2.54175653475E+002  2.48096063647E+002
32 2 1 241   5.00000000000E+002  5.00000000000E+002  1.16986296231E+003  2.53963267098E+002  2.41893662056E+002
32 2 1 245   5.00000000000E+002  5.00000000000E+002  1.17606936851E+003  2.53762824261E+002  2.35691260465E+002
32 2 1 249   5.00000000000E+002  5.00000000000E+002  1.18227577471E+003  2.53574116545E+002  2.29488858874E+002
32 2 1 253   5.00000000000E+002  5.00000000000E+002  1.18848218091E+003  2.53396906144E+002  2.23286457283E+002
32 2 1 257   5.00000000000E+002  5.00000000000E+002  1.19468858711E+003  2.53230929665E+002  2.17084055692E+002
32 2 1 261   5.00000000000E+002  5.00000000000E+002  1.20089499331E+003  2.53075901836E+002  2.10881654100E+002
32 2 1 265   5.00000000000E+002  5.00000000000E+002  1.20710139951E+003  2.52931519074E+002  2.04679252509E+002
32 2 1 269   5.00000000000E+002  5.00000000000E+002  1.21330780571E+003  2.52797462918E+002  1.98476850918E+002
32 2 1 273   5.00000000000E+002  5.00000000000E+002  1.21951421191E+003  2.52673403299E+002  1.92274449327E+002
32 2 1 277   5.00000000000E+002  5.00000000000E+002  1.22572061811E+003  2.52559001666E+002  1.86072047736E+002
32 2 1 281   5.00000000000E+002  5.00000000000E+002  1.23192702431E+003  2.52453913953E+002  1.79869646144E+002
32 2 1 285   5.00000000000E+002  5.00000000000E+002  1.23813343051E+003  2.52357793437E+002  1.73667244553E+002
32 2 1 289   5.00000000000E+002  5.00000000000E+002  1.24433983671E+003  2.52270293486E+002  1.67464842962E+002
32 2 1 293   5.00000000000E+002  5.00000000000E+002  1.25054624291E+003  2.52191070277E+002  1.61262441371E+002
32 2 1 297   5.00000000000E+002  5.00000000000E+002  1.25675264911E+003  2.52119785517E+002  1.55060039780E+002
32 2 1 301   5.00000000000E+002  5.00000000000E+002  1.26295905531E+003  2.52056109274E+002  1.48857638188E+002
32 2 1 305   5.00000000000E+002  5.00000000000E+002  1.26916546151E+003  2.51999722985E+002  1.42655236597E+002
32 2 1 309   5.00000000000E+002  5.00000000000E+002  1.27537186771E+003  2.51950322781E+002  1.36452835006E+002
32 2 1 313   5.00000000000E+002  5.00000000000E+002  1.28157827391E+003  2.51907623223E+002  1.30250433415E+002
32 2 1 317   5.00000000000E+002  5.00000000000E+002  1.28778468011E+003  2.51871361582E+002  1.24048031824E+002
32 2 1 321   5.00000000000E+002  5.00000000000E+002  1.29399108631E+003  2.51841302785E+002  1.17845630233E+002
32 2 1 325   5.00000000000E+002  5.00000000000E+002  1.30019749251E+003  2.51817245098E+002  1.11643228641E+002
32 2 1 329   5.00000000000E+002  5.00000000000E+002  1.30640389871E+003  2.51799026609E+002  1.05440827050E+002
32 2 1 333   5.00000000000E+002  5.00000000000E+002  1.31261030491E+003  2.51786532497E+002  9.92384254590E+001
32 2 1 337   5.00000000000E+002  5.00000000000E+002  1.31881671111E+003  2.51779702969E+002  9.30360238678E+001
32 2 1 341   5.00000000000E+002  5.00000000000E+002  1.32502311731E+003  2.51778541673E+002  8.68336222766E+001
32 2 1 345   5.00000000000E+002  5.00000000000E+002  1.33122952351E+003  2.51783124247E+002  8.06312206854E+001
32 2 1 349   5.00000000000E+002  5.00000000000E+002  1.33743592971E+003  2.51793606526E+002  7.44288190942E+001
32 2 1 353   5.00000000000E+002  5.00000000000E+002  1.34364233591E+003  2.51810231832E+002  6.82264175030E+001
32 2 1 357   5.00000000000E+002  5.00000000000E+002  1.34984874211E+003  2.51833336631E+002  6.20240159119E+001
32 2 1 361   5.00000000000E+002  5.00000000000E+002  1.35605514831E+003  2.51863353797E+002  5.58216143207E+001
32 2 1 365   5.00000000000E+002  5.00000000000E+002  1.36226155451E+003  2.51900812704E+002  4.96192127295E+001
32 2 1 369   5.00000000000E+002  5.00000000000E+002  1.36846796071E+003  2.51946335438E+002  4.34168111383E+001
32 2 1 373   5.00000000000E+002  5.00000000000E+002  1.37467436691E+003  2.52000628546E+002  3.72144095471E+001
32 2 1 377   5.00000000000E+002  5.00000000000E+002  1.38088077311E+003  2.52064470004E+002  3.10120079559E+001
32 2 1 381   5.00000000000E+002  5.00000000000E+002  1.38708717931E+003  2.52138691323E+002  2.48096063647E+001
32 2 1 385   5.00000000000E+002  5.00000000000E+002  1.39329358551E+003  2.52224155112E+002  1.86072047736E+001
32 2 1 389   5.00000000000E+002  5.00000000000E+002  1.39949999171E+003  2.52321728732E+002  1.24048031824E+001
32 2 1 393   5.00000000000E+002  5.00000000000E+002  1.40570639791E+003  2.52432255041E+002  6.20240159119E+000
32 2 1 397   5.00000000000E+002  5.00000000000E+002  1.41191280411E+003  2.52556521489E+002  0.00000000000E+000
63 3 1 1   5.00000000000E+002  5.00000000000E+002  7.87919656303E+002  2.70917741922E+002  6.12962092228E+002
63 3 1 5   5.00000000000E+002  5.00000000000E+002  7.94110253517E+002  2.70880932946E+002  6.06770555943E+002
63 3 1 9   5.00000000000E+002  5.00000000000E+002  8.00300850731E+002  2.70839895512E+002  6.00579019657E+002
63 3 1 13   5.00000000000E+002  5.00000000000E+002  8.06491447946E+002  2.70794301082E+002  5.94387483372E+002
63 3 1 17   5.00000000000E+002  5.00000000000E+002  8.12682045160E+002  2.70743626309E+002  5.88195947087E+002
63 3 1 21   5.00000000000E+002  5.00000000000E+002  8.18872642374E+002  2.70687178775E+002  5.82004410802E+002
63 3 1 25   5.00000000000E+002  5.00000000000E+002  8.25063239588E+002  2.70624146478E+002  5.75812874517E+002
63 3 1 29   5.00000000000E+002  5.00000000000E+002  8.31253836802E+002  2.70553648132E+002  5.69621338232E+002
63 3 1 33   5.00000000000E+002  5.00000000000E+002  8.37444434016E+002  2.70474774482E+002  5.63429801947E+002
63 3 1 37   5.00000000000E+002  5.00000000000E+002  8.43635031231E+002  2.70386618723E+002  5.57238265661E+002
63 3 1 41   5.00000000000E+002  5.00000000000E+002  8.49825628445E+002  2.70288297828E+002  5.51046729376E+002
63 3 1 45   5.00000000000E+002  5.00000000000E+002  8.56016225659E+002  2.70178967521E+002  5.44855193091E+002
63 3 1 49   5.00000000000E+002  5.00000000000E+002  8.62206822873E+002  2.70057833412E+002  5.38663656806E+002
63 3 1 53   5.00000000000E+002  5.00000000000E+002  8.68397420087E+002  2.69924160075E+002  5.32472120521E+002
63 3 1 57   5.00000000000E+002  5.00000000000E+002  8.74588017302E+002  2.69777279208E+002  5.26280584236E+002
63 3 1 61   5.00000000000E+002  5.00000000000E+002  8.80778614516E+002  2.69616597437E+002  5.20089047951E+002
63 3 1 65   5.00000000000E+002  5.00000000000E+002  8.86969211730E+002  2.69441603946E+002  5.13897511666E+002
63 3 1 69   5.00000000000E+002  5.00000000000E+002  8.93159808944E+002  2.69251877873E+002  5.07705975380E+002
63 3 1 73   5.00000000000E+002  5.00000000000E+002  8.99350406158E+002  2.69047095254E+002  5.01514439095E+002
63 3 1 77   5.00000000000E+002  5.00000000000E+002  9.05541003373E+002  2.68827035243E+002  4.95322902810E+002
63 3 1 81   5.00000000000E+002  5.00000000000E+002  9.11731600587E+002  2.68591585308E+002  4.89131366525E+002
63 3 1 85   5.00000000000E+002  5.00000000000E+002  9.17922197801E+002  2.68340745161E+002  4.82939830240E+002
63 3 1 89   5.00000000000E+002  5.00000000000E+002  9.24112795015E+002  2.68074629201E+002  4.76748293955E+002
63 3 1 93   5.00000000000E+002  5.00000000000E+002  9.30303392229E+002  2.67793467338E+002  4.70556757670E+002
63 3 1 97   5.00000000000E+002  5.00000000000E+002  9.36493989444E+002  2.67497604125E+002  4.64365221384E+002
63 3 1 101   5.00000000000E+002  5.00000000000E+002  9.42684586658E+002  2.67187496209E+002  4.58173685099E+002
63 3 1 105   5.00000000000E+002  5.00000000000E+002  9.48875183872E+002  2.66863708136E+002  4.51982148814E+002
63 3 1 109   5.00000000000E+002  5.00000000000E+002  9.55065781086E+002  2.66526906661E+002  4.45790612529E+002
63 3 1 113   5.00000000000E+002  5.00000000000E+002  9.61256378300E+002  2.66177853697E+002  4.39599076244E+002
63 3 1 117   5.00000000000E+002  5.00000000000E+002  9.67446975515E+002  2.65817398088E+002  4.33407539959E+002
63 3 1 121   5.00000000000E+002  5.00000000000E+002  9.73637572729E+002  2.65446466442E+002  4.27216003674E+002
63 3 1 125   5.00000000000E+002  5.00000000000E+002  9.79828169943E+002  2.65066053209E+002  4.21024467389E+002
63 3 1 129   5.00000000000E+002  5.00000000000E+002  9.86018767157E+002  2.64677210241E+002  4.14832931103E+002
63 3 1 133   5.00000000000E+002  5.00000000000E+002  9.92209364371E+002  2.64281036045E+002  4.08641394818E+002
63 3 1 137   5.00000000000E+002  5.00000000000E+002  9.98399961586E+002  2.63878664917E+002  4.02449858533E+002
63 3 1 141   5.00000000000E+002  5.00000000000E+002  1.00459055880E+003  2.63471256145E+002  3.96258322248E+002
63 3 1 145   5.00000000000E+002  5.00000000000E+002  1.01078115601E+003  2.63059983442E+002  3.90066785963E+002
63 3 1 149   5.00000000000E+002  5.00000000000E+002  1.01697175323E+003  2.62646024747E+002  3.83875249678E+002
63 3 1 153   5.00000000000E+002  5.00000000000E+002  1.02316235044E+003  2.62230552510E+002  3.77683713393E+002
63 3 1 157   5.00000000000E+002  5.00000000000E+002  1.02935294766E+003  2.61814724559E+002  3.71492177108E+002
63 3 1 161   5.00000000000E+002  5.00000000000E+002  1.03554354487E+003  2.61399675633E+002  3.65300640822E+002
63 3 1 165   5.00000000000E+002  5.00000000000E+002  1.04173414208E+003  2.60986509619E+002  3.59109104537E+002
63 3 1 169   5.00000000000E+002  5.00000000000E+002  1.04792473930E+003  2.60576292556E+002  3.52917568252E+002
63 3 1 173   5.00000000000E+002  5.00000000000E+002  1.05411533651E+003  2.60170046412E+002  3.46726031967E+002
63 3 1 177   5.00000000000E+002  5.00000000000E+002  1.06030593373E+003  2.59768743664E+002  3.40534495682E+002
63 3 1 181   5.00000000000E+002  5.00000000000E+002  1.06649653094E+003  2.59373302661E+002  3.34342959397E+002
63 3 1 185   5.00000000000E+002  5.00000000000E+002  1.07268712816E+003  2.58984583775E+002  3.28151423112E+002
63 3 1 189   5.00000000000E+002  5.00000000000E+002  1.07887772537E+003  2.58603386316E+002  3.21959886827E+002
63 3 1 193   5.00000000000E+002  5.00000000000E+002  1.08506832258E+003  2.58230446187E+002  3.15768350541E+002
63 3 1 197   5.00000000000E+002  5.00000000000E+002  1.09125891980E+003  2.57866434237E+002  3.09576814256E+002
63 3 1 201   5.00000000000E+002  5.00000000000E+002  1.09744951701E+003  2.57511955298E+002  3.03385277971E+002
63 3 1 205   5.00000000000E+002  5.00000000000E+002  1.10364011423E+003  2.57167547838E+002  2.97193741686E+002
63 3 1 209   5.00000000000E+002  5.00000000000E+002  1.10983071144E+003  2.56833684212E+002  2.91002205401E+002
63 3 1 213   5.00000000000E+002  5.00000000000E+002  1.11602130866E+003  2.56510771448E+002  2.84810669116E+002
63 3 1 217   5.00000000000E+002  5.00000000000E+002  1.12221190587E+003  2.56199152527E+002  2.78619132831E+002
63 3 1 221   5.00000000000E+002  5.00000000000E+002  1.12840250308E+003  2.55899108120E+002  2.72427596546E+002
63 3 1 225   5.00000000000E+002  5.00000000000E+002  1.13459310030E+003  2.55610858719E+002  2.66236060260E+002
63 3 1 229   5.00000000000E+002  5.00000000000E+002  1.14078369751E+003  2.55334567129E+002  2.60044523975E+002
63 3 1 233   5.00000000000E+002  5.00000000000E+002  1.14697429473E+003  2.55070341274E+002  2.53852987690E+002
63 3 1 237   5.00000000000E+002  5.00000000000E+002  1.15316489194E+003  2.54818237273E+002  2.47661451405E+002
63 3 1 241   5.00000000000E+002  5.00000000000E+002  1.15935548915E+003  2.54578262752E+002  2.41469915120E+002
63 3 1 245   5.00000000000E+002  5.00000000000E+002  1.16554608637E+003  2.54350380357E+002  2.35278378835E+002
63 3 1 249   5.00000000000E+002  5.00000000000E+002  1.17173668358E+003  2.54134511427E+002  2.29086842550E+002
63 3 1 253   5.00000000000E+002  5.00000000000E+002  1.17792728080E+003  2.53930539822E+002  2.22895306265E+002
63 3 1 257   5.00000000000E+002  5.00000000000E+002  1.18411787801E+003  2.53738315857E+002  2.16703769979E+002
63 3 1 261   5.00000000000E+002  5.00000000000E+002  1.19030847523E+003  2.53557660347E+002  2.10512233694E+002
63 3 1 265   5.00000000000E+002  5.00000000000E+002  1.19649907244E+003  2.53388368736E+002  2.04320697409E+002
63 3 1 269   5.00000000000E+002  5.00000000000E+002  1.20268966965E+003  2.53230215309E+002  1.98129161124E+002
63 3 1 273   5.00000000000E+002  5.00000000000E+002  1.20888026687E+003  2.53082957477E+002  1.91937624839E+002
63 3 1 277   5.00000000000E+002  5.00000000000E+002  1.21507086408E+003  2.52946340133E+002  1.85746088554E+002
63 3 1 281   5.00000000000E+002  5.00000000000E+002  1.22126146130E+003  2.52820100080E+002  1.79554552269E+002
63 3 1 285   5.00000000000E+002  5.00000000000E+002  1.22745205851E+003  2.52703970532E+002  1.73363015984E+002
63 3 1 289   5.00000000000E+002  5.00000000000E+002  1.23364265572E+003  2.52597685675E+002  1.67171479698E+002
63 3 1 293   5.00000000000E+002  5.00000000000E+002  1.23983325294E+003  2.52500985288E+002  1.60979943413E+002
63 3 1 297   5.00000000000E+002  5.00000000000E+002  1.24602385015E+003  2.52413619417E+002  1.54788407128E+002
63 3 1 301   5.00000000000E+002  5.00000000000E+002  1.25221444737E+003  2.52335353056E+002  1.48596870843E+002
63 3 1 305   5.00000000000E+002  5.00000000000E+002  1.25840504458E+003  2.52265970830E+002  1.42405334558E+002
63 3 1 309   5.00000000000E+002  5.00000000000E+002  1.26459564180E+003  2.52205281606E+002  1.36213798273E+002
63 3 1 313   5.00000000000E+002  5.00000000000E+002  1.27078623901E+003  2.52153122993E+002  1.30022261988E+002
63 3 1 317   5.00000000000E+002  5.00000000000E+002  1.27697683622E+003  2.52109365625E+002  1.23830725703E+002
63 3 1 321   5.00000000000E+002  5.00000000000E+002  1.28316743344E+003  2.52073917155E+002  1.17639189417E+002
63 3 1 325   5.00000000000E+002  5.00000000000E+002  1.28935803065E+003  2.52046725834E+002  1.11447653132E+002
63 3 1 329   5.00000000000E+002  5.00000000000E+002  1.29554862787E+003  2.52027783552E+002  1.05256116847E+002
63 3 1 333   5.00000000000E+002  5.00000000000E+002  1.30173922508E+003  2.52017128214E+002  9.90645805620E+001
63 3 1 337   5.00000000000E+002  5.00000000000E+002  1.30792982230E+003  2.52014845291E+002  9.28730442769E+001
63 3 1 341   5.00000000000E+002  5.00000000000E+002  1.31412041951E+003  2.52021068438E+002  8.66815079918E+001
63 3 1 345   5.00000000000E+002  5.00000000000E+002  1.32031101672E+003  2.52035979015E+002  8.04899717066E+001
63 3 1 349   5.00000000000E+002  5.00000000000E+002  1.32650161394E+003  2.52059804429E+002  7.42984354215E+001
63 3 1 353   5.00000000000E+002  5.00000000000E+002  1.33269221115E+003  2.52092815189E+002  6.81068991364E+001
63 3 1 357   5.00000000000E+002  5.00000000000E+002  1.33888280837E+003  2.52135320626E+002  6.19153628513E+001
63 3 1 361   5.00000000000E+002  5.00000000000E+002  1.34507340558E+003  2.52187663249E+002  5.57238265661E+001
63 3 1 365   5.00000000000E+002  5.00000000000E+002  1.35126400279E+003  2.52250211741E+002  4.95322902810E+001
63 3 1 369   5.00000000000E+002  5.00000000000E+002  1.35745460001E+003  2.52323352600E+002  4.33407539959E+001
63 3 1 373   5.00000000000E+002  5.00000000000E+002  1.36364519722E+003  2.52407480444E+002  3.71492177108E+001
63 3 1 377   5.00000000000E+002  5.00000000000E+002  1.36983579444E+003  2.52502986947E+002  3.09576814256E+001
63 3 1 381   5.00000000000E+002  5.00000000000E+002  1.37602639165E+003  2.52610248386E+002  2.47661451405E+001
63 3 1 385   5.00000000000E+002  5.00000000000E+002  1.38221698887E+003  2.52729611861E+002  1.85746088554E+001
63 3 1 389   5.00000000000E+002  5.00000000000E+002  1.38840758608E+003  2.52861380616E+002  1.23830725703E+001
63 3 1 393   5.00000000000E+002  5.00000000000E+002  1.39459818329E+003  2.53005799598E+002  6.19153628513E+000
63 3 1 397   5.00000000000E+002  5.00000000000E+002  1.40078878051E+003  2.53163043228E+002  0.00000000000E+000
93 4 1 1   5.00000000000E+002  5.00000000000E+002  7.94813212472E+002  2.70949999931E+002  5.96711602260E+002
93 4 1 5   5.00000000000E+002  5.00000000000E+002  8.00831223522E+002  2.70885590032E+002  5.90684212338E+002
93 4 1 9   5.00000000000E+002  5.00000000000E+002  8.06849234573E+002  2.70821206663E+002  5.84656822417E+002
93 4 1 13   5.00000000000E+002  5.00000000000E+002  8.12867245623E+002  2.70755453316E+002  5.78629432495E+002
93 4 1 17   5.00000000000E+002  5.00000000000E+002  8.18885256674E+002  2.70686961281E+002  5.72602042573E+002
93 4 1 21   5.00000000000E+002  5.00000000000E+002  8.24903267724E+002  2.70614454108E+002  5.66574652651E+002
93 4 1 25   5.00000000000E+002  5.00000000000E+002  8.30921278775E+002  2.70536764699E+002  5.60547262729E+002
93 4 1 29   5.00000000000E+002  5.00000000000E+002  8.36939289825E+002  2.70452831404E+002  5.54519872807E+002
93 4 1 33   5.00000000000E+002  5.00000000000E+002  8.42957300876E+002  2.70361686488E+002  5.48492482886E+002
93 4 1 37   5.00000000000E+002  5.00000000000E+002  8.48975311926E+002  2.70262443685E+002  5.42465092964E+002
93 4 1 41   5.00000000000E+002  5.00000000000E+002  8.54993322976E+002  2.70154287932E+002  5.36437703042E+002
93 4 1 45   5.00000000000E+002  5.00000000000E+002  8.61011334027E+002  2.70036468349E+002  5.30410313120E+002
93 4 1 49   5.00000000000E+002  5.00000000000E+002  8.67029345077E+002  2.69908294524E+002  5.24382923198E+002
93 4 1 53   5.00000000000E+002  5.00000000000E+002  8.73047356128E+002  2.69769135648E+002  5.18355533277E+002
93 4 1 57   5.00000000000E+002  5.00000000000E+002  8.79065367178E+002  2.69618421926E+002  5.12328143355E+002
93 4 1 61   5.00000000000E+002  5.00000000000E+002  8.85083378229E+002  2.69455647617E+002  5.06300753433E+002
93 4 1 65   5.00000000000E+002  5.00000000000E+002  8.91101389279E+002  2.69280375153E+002  5.00273363511E+002
93 4 1 69   5.00000000000E+002  5.00000000000E+002  8.97119400330E+002  2.69092239812E+002  4.94245973589E+002
93 4 1 73   5.00000000000E+002  5.00000000000E+002  9.03137411380E+002  2.68890954521E+002  4.88218583667E+002
93 4 1 77   5.00000000000E+002  5.00000000000E+002  9.09155422431E+002  2.68676314403E+002  4.82191193746E+002
93 4 1 81   5.00000000000E+002  5.00000000000E+002  9.15173433481E+002  2.68448200793E+002  4.76163803824E+002
93 4 1 85   5.00000000000E+002  5.00000000000E+002  9.21191444532E+002  2.68206584465E+002  4.70136413902E+002
93 4 1 89   5.00000000000E+002  5.00000000000E+002  9.27209455582E+002  2.67951527918E+002  4.64109023980E+002
93 4 1 93   5.00000000000E+002  5.00000000000E+002  9.33227466633E+002  2.67683186581E+002  4.58081634058E+002
93 4 1 97   5.00000000000E+002  5.00000000000E+002  9.39245477683E+002  2.67401808881E+002  4.52054244136E+002
93 4 1 101   5.00000000000E+002  5.00000000000E+002  9.45263488734E+002  2.67107735146E+002  4.46026854215E+002
93 4 1 105   5.00000000000E+002  5.00000000000E+002  9.51281499784E+002  2.66801395340E+002  4.39999464293E+002
93 4 1 109   5.00000000000E+002  5.00000000000E+002  9.57299510835E+002  2.66483305691E+002  4.33972074371E+002
93 4 1 113   5.00000000000E+002  5.00000000000E+002  9.63317521885E+002  2.66154064264E+002  4.27944684449E+002
93 4 1 117   5.00000000000E+002  5.00000000000E+002  9.69335532936E+002  2.65814345586E+002  4.21917294527E+002
93 4 1 121   5.00000000000E+002  5.00000000000E+002  9.75353543986E+002  2.65464894414E+002  4.15889904606E+002
93 4 1 125   5.00000000000E+002  5.00000000000E+002  9.81371555037E+002  2.65106518792E+002  4.09862514684E+002
93 4 1 129   5.00000000000E+002  5.00000000000E+002  9.87389566087E+002  2.64740082505E+002  4.03835124762E+002
93 4 1 133   5.00000000000E+002  5.00000000000E+002  9.93407577138E+002  2.64366497084E+002  3.97807734840E+002
93 4 1 137   5.00000000000E+002  5.00000000000E+002  9.99425588188E+002  2.63986713494E+002  3.91780344918E+002
93 4 1 141   5.00000000000E+002  5.00000000000E+002  1.00544359924E+003  2.63601713641E+002  3.85752954996E+002
93 4 1 145   5.00000000000E+002  5.00000000000E+002  1.01146161029E+003  2.63212501836E+002  3.79725565075E+002
93 4 1 149   5.00000000000E+002  5.00000000000E+002  1.01747962134E+003  2.62820096338E+002  3.73698175153E+002
93 4 1 153   5.00000000000E+002  5.00000000000E+002  1.02349763239E+003  2.62425521079E+002  3.67670785231E+002
93 4 1 157   5.00000000000E+002  5.00000000000E+002  1.02951564344E+003  2.62029797697E+002  3.61643395309E+002
93 4 1 161   5.00000000000E+002  5.00000000000E+002  1.03553365449E+003  2.61633937942E+002  3.55616005387E+002
93 4 1 165   5.00000000000E+002  5.00000000000E+002  1.04155166554E+003  2.61238936552E+002  3.49588615465E+002
93 4 1 169   5.00000000000E+002  5.00000000000E+002  1.04756967659E+003  2.60845764646E+002  3.43561225544E+002
93 4 1 173   5.00000000000E+002  5.00000000000E+002  1.05358768764E+003  2.60455363696E+002  3.37533835622E+002
93 4 1 177   5.00000000000E+002  5.00000000000E+002  1.05960569869E+003  2.60068640103E+002  3.31506445700E+002
93 4 1 181   5.00000000000E+002  5.00000000000E+002  1.06562370974E+003  2.59686460408E+002  3.25479055778E+002
93 4 1 185   5.00000000000E+002  5.00000000000E+002  1.07164172079E+003  2.59309647149E+002  3.19451665856E+002
93 4 1 189   5.00000000000E+002  5.00000000000E+002  1.07765973184E+003  2.58938975369E+002  3.13424275935E+002
93 4 1 193   5.00000000000E+002  5.00000000000E+002  1.08367774289E+003  2.58575169765E+002  3.07396886013E+002
93 4 1 197   5.00000000000E+002  5.00000000000E+002  1.08969575395E+003  2.58218902461E+002  3.01369496091E+002
93 4 1 201   5.00000000000E+002  5.00000000000E+002  1.09571376500E+003  2.57870791404E+002  2.95342106169E+002
93 4 1 205   5.00000000000E+002  5.00000000000E+002  1.10173177605E+003  2.57531399330E+002  2.89314716247E+002
93 4 1 209   5.00000000000E+002  5.00000000000E+002  1.10774978710E+003  2.57201233298E+002  2.83287326325E+002
93 4 1 213   5.00000000000E+002  5.00000000000E+002  1.11376779815E+003  2.56880744745E+002  2.77259936404E+002
93 4 1 217   5.00000000000E+002  5.00000000000E+002  1.11978580920E+003  2.56570330034E+002  2.71232546482E+002
93 4 1 221   5.00000000000E+002  5.00000000000E+002  1.12580382025E+003  2.56270331460E+002  2.65205156560E+002
93 4 1 225   5.00000000000E+002  5.00000000000E+002  1.13182183130E+003  2.55981038677E+002  2.59177766638E+002
93 4 1 229   5.00000000000E+002  5.00000000000E+002  1.13783984235E+003  2.55702690522E+002  2.53150376716E+002
93 4 1 233   5.00000000000E+002  5.00000000000E+002  1.14385785340E+003  2.55435477187E+002  2.47122986795E+002
93 4 1 237   5.00000000000E+002  5.00000000000E+002  1.14987586445E+003  2.55179542715E+002  2.41095596873E+002
93 4 1 241   5.00000000000E+002  5.00000000000E+002  1.15589387550E+003  2.54934987786E+002  2.35068206951E+002
93 4 1 245   5.00000000000E+002  5.00000000000E+002  1.16191188655E+003  2.54701872764E+002  2.29040817029E+002
93 4 1 249   5.00000000000E+002  5.00000000000E+002  1.16792989760E+003  2.54480220971E+002  2.23013427107E+002
93 4 1 253   5.00000000000E+002  5.00000000000E+002  1.17394790865E+003  2.54270022161E+002  2.16986037185E+002
93 4 1 257   5.00000000000E+002  5.00000000000E+002  1.17996591970E+003  2.54071236165E+002  2.10958647264E+002
93 4 1 261   5.00000000000E+002  5.00000000000E+002  1.18598393075E+003  2.53883796676E+002  2.04931257342E+002
93 4 1 265   5.00000000000E+002  5.00000000000E+002  1.19200194180E+003  2.53707615152E+002  1.98903867420E+002
93 4 1 269   5.00000000000E+002  5.00000000000E+002  1.19801995285E+003  2.53542584790E+002  1.92876477498E+002
93 4 1 273   5.00000000000E+002  5.00000000000E+002  1.20403796390E+003  2.53388584568E+002  1.86849087576E+002
93 4 1 277   5.00000000000E+002  5.00000000000E+002  1.21005597495E+003  2.53245483288E+002  1.80821697655E+002
93 4 1 281   5.00000000000E+002  5.00000000000E+002  1.21607398601E+003  2.53113143610E+002  1.74794307733E+002
93 4 1 285   5.00000000000E+002  5.00000000000E+002  1.22209199706E+003  2.52991426032E+002  1.68766917811E+002
93 4 1 289   5.00000000000E+002  5.00000000000E+002  1.22811000811E+003  2.52880192765E+002  1.62739527889E+002
93 4 1 293   5.00000000000E+002  5.00000000000E+002  1.23412801916E+003  2.52779311470E+002  1.56712137967E+002
93 4 1 297   5.00000000000E+002  5.00000000000E+002  1.24014603021E+003  2.52688658810E+002  1.50684748045E+002
93 4 1 301   5.00000000000E+002  5.00000000000E+002  1.24616404126E+003  2.52608123749E+002  1.44657358124E+002
93 4 1 305   5.00000000000E+002  5.00000000000E+002  1.25218205231E+003  2.52537610574E+002  1.38629968202E+002
93 4 1 309   5.00000000000E+002  5.00000000000E+002  1.25820006336E+003  2.52477041552E+002  1.32602578280E+002
93 4 1 313   5.00000000000E+002  5.00000000000E+002  1.26421807441E+003  2.52426359199E+002  1.26575188358E+002
93 4 1 317   5.00000000000E+002  5.00000000000E+002  1.27023608546E+003  2.52385528079E+002  1.20547798436E+002
93 4 1 321   5.00000000000E+002  5.00000000000E+002  1.27625409651E+003  2.52354536096E+002  1.14520408515E+002
93 4 1 325   5.00000000000E+002  5.00000000000E+002  1.28227210756E+003  2.52333395226E+002  1.08493018593E+002
93 4 1 329   5.00000000000E+002  5.00000000000E+002  1.28829011861E+003  2.52322141641E+002  1.02465628671E+002
93 4 1 333   5.00000000000E+002  5.00000000000E+002  1.29430812966E+003  2.52320835195E+002  9.64382387491E+001
93 4 1 337   5.00000000000E+002  5.00000000000E+002  1.30032614071E+003  2.52329558237E+002  9.04108488273E+001
93 4 1 341   5.00000000000E+002  5.00000000000E+002  1.30634415176E+003  2.52348413743E+002  8.43834589055E+001
93 4 1 345   5.00000000000E+002  5.00000000000E+002  1.31236216281E+003  2.52377522752E+002  7.83560689836E+001
93 4 1 349   5.00000000000E+002  5.00000000000E+002  1.31838017386E+003  2.52417021132E+002  7.23286790618E+001
93 4 1 353   5.00000000000E+002  5.00000000000E+002  1.32439818491E+003  2.52467055678E+002  6.63012891400E+001
93 4 1 357   5.00000000000E+002  5.00000000000E+002  1.33041619596E+003  2.52527779615E+002  6.02738992182E+001
93 4 1 361   5.00000000000E+002  5.00000000000E+002  1.33643420701E+003  2.52599347528E+002  5.42465092964E+001
93 4 1 365   5.00000000000E+002  5.00000000000E+002  1.34245221807E+003  2.52681909818E+002  4.82191193745E+001
93 4 1 369   5.00000000000E+002  5.00000000000E+002  1.34847022912E+003  2.52775606767E+002  4.21917294527E+001
93 4 1 373   5.00000000000E+002  5.00000000000E+002  1.35448824017E+003  2.52880562304E+002  3.61643395309E+001
93 4 1 377   5.00000000000E+002  5.00000000000E+002  1.36050625122E+003  2.52996877612E+002  3.01369496091E+001
93 4 1 381   5.00000000000E+002  5.00000000000E+002  1.36652426227E+003  2.53124624668E+002  2.41095596873E+001
93 4 1 385   5.00000000000E+002  5.00000000000E+002  1.37254227332E+003  2.53263839888E+002  1.80821697655E+001
93 4 1 389   5.00000000000E+002  5.00000000000E+002  1.37856028437E+003  2.53414517974E+002  1.20547798436E+001
93 4 1 393   5.00000000000E+002  5.00000000000E+002  1.38457829542E+003  2.53576606128E+002  6.02738992182E+000
93 4 1 397   5.00000000000E+002  5.00000000000E+002  1.39059630647E+003  2.53749998748E+002  0.00000000000E+000
