1 1 1 1   5.00000000000E+002  5.00000000000E+002  0.00000000000E+000  2.70449179157E+002  3.00000000000E+003
1 1 1 5   5.00000000000E+002  5.00000000000E+002  3.03030303030E+001  2.69809943864E+002  2.96969696970E+003
1 1 1 9   5.00000000000E+002  5.00000000000E+002  6.06060606061E+001  2.69168140106E+002  2.93939393939E+003
1 1 1 13   5.00000000000E+002  5.00000000000E+002  9.09090909091E+001  2.68531480704E+002  2.90909090909E+003
1 1 1 17   5.00000000000E+002  5.00000000000E+002  1.21212121212E+002  2.67899066619E+002  2.87878787879E+003
1 1 1 21   5.00000000000E+002  5.00000000000E+002  1.51515151515E+002  2.67271898521E+002  2.84848484848E+003
1 1 1 25   5.00000000000E+002  5.00000000000E+002  1.81818181818E+002  2.66650243319E+002  2.81818181818E+003
1 1 1 29   5.00000000000E+002  5.00000000000E+002  2.12121212121E+002  2.66034810563E+002  2.78787878788E+003
1 1 1 33   5.00000000000E+002  5.00000000000E+002  2.42424242424E+002  2.65425872715E+002  2.75757575758E+003
1 1 1 37   5.00000000000E+002  5.00000000000E+002  2.72727272727E+002  2.64824055959E+002  2.72727272727E+003
1 1 1 41   5.00000000000E+002  5.00000000000E+002  3.03030303030E+002  2.64229598610E+002  2.69696969697E+003
1 1 1 45   5.00000000000E+002  5.00000000000E+002  3.33333333333E+002  2.63643051326E+002  2.66666666667E+003
1 1 1 49   5.00000000000E+002  5.00000000000E+002  3.63636363636E+002  2.63064615839E+002  2.63636363636E+003
1 1 1 53   5.00000000000E+002  5.00000000000E+002  3.93939393939E+002  2.62494769614E+002  2.60606060606E+003
1 1 1 57   5.00000000000E+002  5.00000000000E+002  4.24242424242E+002  2.61933677530E+002  2.57575757576E+003
1 1 1 61   5.00000000000E+002  5.00000000000E+002  4.54545454545E+002  2.61381746728E+002  2.54545454545E+003
1 1 1 65   5.00000000000E+002  5.00000000000E+002  4.84848484848E+002  2.60839105817E+002  2.51515151515E+003
1 1 1 69   5.00000000000E+002  5.00000000000E+002  5.15151515152E+002  2.60306095040E+002  2.48484848485E+003
1 1 1 73   5.00000000000E+002  5.00000000000E+002  5.45454545455E+002  2.59782807946E+002  2.45454545455E+003
1 1 1 77   5.00000000000E+002  5.00000000000E+002  5.75757575758E+002  2.59269521710E+002  2.42424242424E+003
1 1 1 81   5.00000000000E+002  5.00000000000E+002  6.06060606061E+002  2.58766296501E+002  2.39393939394E+003
1 1 1 85   5.00000000000E+002  5.00000000000E+002  6.36363636364E+002  2.58273350539E+002  2.36363636364E+003
1 1 1 89   5.00000000000E+002  5.00000000000E+002  6.66666666667E+002  2.57790712613E+002  2.33333333333E+003
1 1 1 93   5.00000000000E+002  5.00000000000E+002  6.96969696970E+002  2.57318546269E+002  2.30303030303E+003
1 1 1 97   5.00000000000E+002  5.00000000000E+002  7.27272727273E+002  2.56856851139E+002  2.27272727273E+003
1 1 1 101   5.00000000000E+002  5.00000000000E+002  7.57575757576E+002  2.56405740448E+002  2.24242424242E+003
1 1 1 105   5.00000000000E+002  5.00000000000E+002  7.87878787879E+002  2.55965187012E+002  2.21212121212E+003
1 1 1 109   5.00000000000E+002  5.00000000000E+002  8.18181818182E+002  2.55535258103E+002  2.18181818182E+003
1 1 1 113   5.00000000000E+002  5.00000000000E+002  8.48484848485E+002  2.55115902115E+002  2.15151515152E+003
1 1 1 117   5.00000000000E+002  5.00000000000E+002  8.78787878788E+002  2.54707144682E+002  2.12121212121E+003
1 1 1 121   5.00000000000E+002  5.00000000000E+002  9.09090909091E+002  2.54308912157E+002  2.09090909091E+003
1 1 1 125   5.00000000000E+002  5.00000000000E+002  9.39393939394E+002  2.53921192771E+002  2.06060606061E+003
1 1 1 129   5.00000000000E+002  5.00000000000E+002  9.69696969697E+002  2.53543893166E+002  2.03030303030E+003
1 1 1 133   5.00000000000E+002  5.00000000000E+002  1.00000000000E+003  2.53176968281E+002  2.00000000000E+003
1 1 1 137   5.00000000000E+002  5.00000000000E+002  1.03030303030E+003  2.52820307296E+002  1.96969696970E+003
1 1 1 141   5.00000000000E+002  5.00000000000E+002  1.06060606061E+003  2.52473835828E+002  1.93939393939E+003
1 1 1 145   5.00000000000E+002  5.00000000000E+002  1.09090909091E+003  2.52137427733E+002  1.90909090909E+003
1 1 1 149   5.00000000000E+002  5.00000000000E+002  1.12121212121E+003  2.51810983126E+002  1.87878787879E+003
1 1 1 153   5.00000000000E+002  5.00000000000E+002  1.15151515152E+003  2.51494362551E+002  1.84848484848E+003
1 1 1 157   5.00000000000E+002  5.00000000000E+002  1.18181818182E+003  2.51187444272E+002  1.81818181818E+003
1 1 1 161   5.00000000000E+002  5.00000000000E+002  1.21212121212E+003  2.50890077397E+002  1.78787878788E+003
1 1 1 165   5.00000000000E+002  5.00000000000E+002  1.24242424242E+003  2.50602121823E+002  1.75757575758E+003
1 1 1 169   5.00000000000E+002  5.00000000000E+002  1.27272727273E+003  2.50323416952E+002  1.72727272727E+003
1 1 1 173   5.00000000000E+002  5.00000000000E+002  1.30303030303E+003  2.50053807621E+002  1.69696969697E+003
1 1 1 177   5.00000000000E+002  5.00000000000E+002  1.33333333333E+003  2.49793125114E+002  1.66666666667E+003
1 1 1 181   5.00000000000E+002  5.00000000000E+002  1.36363636364E+003  2.49541202329E+002  1.63636363636E+003
1 1 1 185   5.00000000000E+002  5.00000000000E+002  1.39393939394E+003  2.49297863881E+002  1.60606060606E+003
1 1 1 189   5.00000000000E+002  5.00000000000E+002  1.42424242424E+003  2.49062933661E+002  1.57575757576E+003
1 1 1 193   5.00000000000E+002  5.00000000000E+002  1.45454545455E+003  2.48836230937E+002  1.54545454545E+003
1 1 1 197   5.00000000000E+002  5.00000000000E+002  1.48484848485E+003  2.48617573308E+002  1.51515151515E+003
1 1 1 201   5.00000000000E+002  5.00000000000E+002  1.51515151515E+003  2.48406775949E+002  1.48484848485E+003
1 1 1 205   5.00000000000E+002  5.00000000000E+002  1.54545454545E+003  2.48203652546E+002  1.45454545455E+003
1 1 1 209   5.00000000000E+002  5.00000000000E+002  1.57575757576E+003  2.48008015551E+002  1.42424242424E+003
1 1 1 213   5.00000000000E+002  5.00000000000E+002  1.60606060606E+003  2.47819676626E+002  1.39393939394E+003
1 1 1 217   5.00000000000E+002  5.00000000000E+002  1.63636363636E+003  2.47638447007E+002  1.36363636364E+003
1 1 1 221   5.00000000000E+002  5.00000000000E+002  1.66666666667E+003  2.47464137879E+002  1.33333333333E+003
1 1 1 225   5.00000000000E+002  5.00000000000E+002  1.69696969697E+003  2.47296560695E+002  1.30303030303E+003
1 1 1 229   5.00000000000E+002  5.00000000000E+002  1.72727272727E+003  2.47135527535E+002  1.27272727273E+003
1 1 1 233   5.00000000000E+002  5.00000000000E+002  1.75757575758E+003  2.46980851354E+002  1.24242424242E+003
1 1 1 237   5.00000000000E+002  5.00000000000E+002  1.78787878788E+003  2.46832346353E+002  1.21212121212E+003
1 1 1 241   5.00000000000E+002  5.00000000000E+002  1.81818181818E+003  2.46689828128E+002  1.18181818182E+003
1 1 1 245   5.00000000000E+002  5.00000000000E+002  1.84848484848E+003  2.46553114077E+002  1.15151515152E+003
1 1 1 249   5.00000000000E+002  5.00000000000E+002  1.87878787879E+003  2.46422023440E+002  1.12121212121E+003
1 1 1 253   5.00000000000E+002  5.00000000000E+002  1.90909090909E+003  2.46296377751E+002  1.09090909091E+003
1 1 1 257   5.00000000000E+002  5.00000000000E+002  1.93939393939E+003  2.46176000755E+002  1.06060606061E+003
1 1 1 261   5.00000000000E+002  5.00000000000E+002  1.96969696970E+003  2.46060718932E+002  1.03030303030E+003
1 1 1 265   5.00000000000E+002  5.00000000000E+002  2.00000000000E+003  2.45950361262E+002  1.00000000000E+003
1 1 1 269   5.00000000000E+002  5.00000000000E+002  2.03030303030E+003  2.45844759849E+002  9.69696969697E+002
1 1 1 273   5.00000000000E+002  5.00000000000E+002  2.06060606061E+003  2.45743749517E+002  9.39393939394E+002
1 1 1 277   5.00000000000E+002  5.00000000000E+002  2.09090909091E+003  2.45647168558E+002  9.09090909091E+002
1 1 1 281   5.00000000000E+002  5.00000000000E+002  2.12121212121E+003  2.45554858127E+002  8.78787878788E+002
1 1 1 285   5.00000000000E+002  5.00000000000E+002  2.15151515152E+003  2.45466663151E+002  8.48484848485E+002
1 1 1 289   5.00000000000E+002  5.00000000000E+002  2.18181818182E+003  2.45382431495E+002  8.18181818182E+002
1 1 1 293   5.00000000000E+002  5.00000000000E+002  2.21212121212E+003  2.45302015066E+002  7.87878787879E+002
1 1 1 297   5.00000000000E+002  5.00000000000E+002  2.24242424242E+003  2.45225268717E+002  7.57575757576E+002
1 1 1 301   5.00000000000E+002  5.00000000000E+002  2.27272727273E+003  2.45152051579E+002  7.27272727273E+002
1 1 1 305   5.00000000000E+002  5.00000000000E+002  2.30303030303E+003  2.45082225677E+002  6.96969696970E+002
1 1 1 309   5.00000000000E+002  5.00000000000E+002  2.33333333333E+003  2.45015657526E+002  6.66666666667E+002
1 1 1 313   5.00000000000E+002  5.00000000000E+002  2.36363636364E+003  2.44952216416E+002  6.36363636364E+002
1 1 1 317   5.00000000000E+002  5.00000000000E+002  2.39393939394E+003  2.44891776326E+002  6.06060606061E+002
1 1 1 321   5.00000000000E+002  5.00000000000E+002  2.42424242424E+003  2.44834213830E+002  5.75757575758E+002
1 1 1 325   5.00000000000E+002  5.00000000000E+002  2.45454545455E+003  2.44779410380E+002  5.45454545455E+002
1 1 1 329   5.00000000000E+002  5.00000000000E+002  2.48484848485E+003  2.44727249780E+002  5.15151515152E+002
1 1 1 333   5.00000000000E+002  5.00000000000E+002  2.51515151515E+003  2.44677620902E+002  4.84848484848E+002
1 1 1 337   5.00000000000E+002  5.00000000000E+002  2.54545454545E+003  2.44630414671E+002  4.54545454545E+002
1 1 1 341   5.00000000000E+002  5.00000000000E+002  2.57575757576E+003  2.44585527268E+002  4.24242424242E+002
1 1 1 345   5.00000000000E+002  5.00000000000E+002  2.60606060606E+003  2.44542856572E+002  3.93939393939E+002
1 1 1 349   5.00000000000E+002  5.00000000000E+002  2.63636363636E+003  2.44502305922E+002  3.63636363636E+002
1 1 1 353   5.00000000000E+002  5.00000000000E+002  2.66666666667E+003  2.44463779940E+002  3.33333333333E+002
1 1 1 357   5.00000000000E+002  5.00000000000E+002  2.69696969697E+003  2.44427188930E+002  3.03030303030E+002
1 1 1 361   5.00000000000E+002  5.00000000000E+002  2.72727272727E+003  2.44392444010E+002  2.72727272727E+002
1 1 1 365   5.00000000000E+002  5.00000000000E+002  2.75757575758E+003  2.44359462227E+002  2.42424242424E+002
1 1 1 369   5.00000000000E+002  5.00000000000E+002  2.78787878788E+003  2.44328160913E+002  2.12121212121E+002
1 1 1 373   5.00000000000E+002  5.00000000000E+002  2.81818181818E+003  2.44298463618E+002  1.81818181818E+002
1 1 1 377   5.00000000000E+002  5.00000000000E+002  2.84848484848E+003  2.44270293572E+002  1.51515151515E+002
1 1 1 381   5.00000000000E+002  5.00000000000E+002  2.87878787879E+003  2.44243580621E+002  1.21212121212E+002
1 1 1 385   5.00000000000E+002  5.00000000000E+002  2.90909090909E+003  2.44218253239E+002  9.09090909091E+001
1 1 1 389   5.00000000000E+002  5.00000000000E+002  2.93939393939E+003  2.44194249349E+002  6.06060606061E+001
1 1 1 393   5.00000000000E+002  5.00000000000E+002  2.96969696970E+003  2.44171489460E+002  3.03030303030E+001
1 1 1 397   5.00000000000E+002  5.00000000000E+002  3.00000000000E+003  2.44150000000E+002  0.00000000000E+000
201 2 1 1   5.00000000000E+002  5.00000000000E+002  3.16457447880E+001  2.70285000053E+002  2.91865853343E+003
201 2 1 5   5.00000000000E+002  5.00000000000E+002  6.11230715173E+001  2.69708136519E+002  2.88917713410E+003
201 2 1 9   5.00000000000E+002  5.00000000000E+002  9.06003982467E+001  2.69117218049E+002  2.85969573478E+003
201 2 1 13   5.00000000000E+002  5.00000000000E+002  1.20077724976E+002  2.68516810967E+002  2.83021433545E+003
201 2 1 17   5.00000000000E+002  5.00000000000E+002  1.49555051705E+002  2.67910994253E+002  2.80073293612E+003
201 2 1 21   5.00000000000E+002  5.00000000000E+002  1.79032378435E+002  2.67303223041E+002  2.77125153679E+003
201 2 1 25   5.00000000000E+002  5.00000000000E+002  2.08509705164E+002  2.66696284607E+002  2.74177013747E+003
201 2 1 29   5.00000000000E+002  5.00000000000E+002  2.37987031893E+002  2.66092333402E+002  2.71228873814E+003
201 2 1 33   5.00000000000E+002  5.00000000000E+002  2.67464358623E+002  2.65492979388E+002  2.68280733881E+003
201 2 1 37   5.00000000000E+002  5.00000000000E+002  2.96941685352E+002  2.64899400824E+002  2.65332593948E+003
201 2 1 41   5.00000000000E+002  5.00000000000E+002  3.26419012081E+002  2.64312457106E+002  2.62384454016E+003
201 2 1 45   5.00000000000E+002  5.00000000000E+002  3.55896338811E+002  2.63732785776E+002  2.59436314083E+003
201 2 1 49   5.00000000000E+002  5.00000000000E+002  3.85373665540E+002  2.63160876828E+002  2.56488174150E+003
201 2 1 53   5.00000000000E+002  5.00000000000E+002  4.14850992269E+002  2.62597124278E+002  2.53540034217E+003
201 2 1 57   5.00000000000E+002  5.00000000000E+002  4.44328318999E+002  2.62041858970E+002  2.50591894285E+003
201 2 1 61   5.00000000000E+002  5.00000000000E+002  4.73805645728E+002  2.61495367840E+002  2.47643754352E+003
201 2 1 65   5.00000000000E+002  5.00000000000E+002  5.03282972457E+002  2.60957904480E+002  2.44695614419E+003
201 2 1 69   5.00000000000E+002  5.00000000000E+002  5.32760299187E+002  2.60429694638E+002  2.41747474486E+003
201 2 1 73   5.00000000000E+002  5.00000000000E+002  5.62237625916E+002  2.59910939061E+002  2.38799334554E+003
201 2 1 77   5.00000000000E+002  5.00000000000E+002  5.91714952645E+002  2.59401815073E+002  2.35851194621E+003
201 2 1 81   5.00000000000E+002  5.00000000000E+002  6.21192279375E+002  2.58902477606E+002  2.32903054688E+003
201 2 1 85   5.00000000000E+002  5.00000000000E+002  6.50669606104E+002  2.58413060035E+002  2.29954914755E+003
201 2 1 89   5.00000000000E+002  5.00000000000E+002  6.80146932833E+002  2.57933674949E+002  2.27006774822E+003
201 2 1 93   5.00000000000E+002  5.00000000000E+002  7.09624259563E+002  2.57464414922E+002  2.24058634890E+003
201 2 1 97   5.00000000000E+002  5.00000000000E+002  7.39101586292E+002  2.57005353276E+002  2.21110494957E+003
201 2 1 101   5.00000000000E+002  5.00000000000E+002  7.68578913021E+002  2.56556544871E+002  2.18162355024E+003
201 2 1 105   5.00000000000E+002  5.00000000000E+002  7.98056239751E+002  2.56118026881E+002  2.15214215091E+003
201 2 1 109   5.00000000000E+002  5.00000000000E+002  8.27533566480E+002  2.55689819584E+002  2.12266075159E+003
201 2 1 113   5.00000000000E+002  5.00000000000E+002  8.57010893209E+002  2.55271927146E+002  2.09317935226E+003
201 2 1 117   5.00000000000E+002  5.00000000000E+002  8.86488219939E+002  2.54864338404E+002  2.06369795293E+003
201 2 1 121   5.00000000000E+002  5.00000000000E+002  9.15965546668E+002  2.54467027639E+002  2.03421655360E+003
201 2 1 125   5.00000000000E+002  5.00000000000E+002  9.45442873397E+002  2.54079955341E+002  2.00473515428E+003
201 2 1 129   5.00000000000E+002  5.00000000000E+002  9.74920200127E+002  2.53703068964E+002  1.97525375495E+003
201 2 1 133   5.00000000000E+002  5.00000000000E+002  1.00439752686E+003  2.53336303669E+002  1.94577235562E+003
201 2 1 137   5.00000000000E+002  5.00000000000E+002  1.03387485359E+003  2.52979583055E+002  1.91629095629E+003
201 2 1 141   5.00000000000E+002  5.00000000000E+002  1.06335218031E+003  2.52632819871E+002  1.88680955697E+003
201 2 1 145   5.00000000000E+002  5.00000000000E+002  1.09282950704E+003  2.52295916715E+002  1.85732815764E+003
201 2 1 149   5.00000000000E+002  5.00000000000E+002  1.12230683377E+003  2.51968766716E+002  1.82784675831E+003
201 2 1 153   5.00000000000E+002  5.00000000000E+002  1.15178416050E+003  2.51651254203E+002  1.79836535898E+003
201 2 1 157   5.00000000000E+002  5.00000000000E+002  1.18126148723E+003  2.51343255348E+002  1.76888395966E+003
201 2 1 161   5.00000000000E+002  5.00000000000E+002  1.21073881396E+003  2.51044638797E+002  1.73940256033E+003
201 2 1 165   5.00000000000E+002  5.00000000000E+002  1.24021614069E+003  2.50755266283E+002  1.70992116100E+003
201 2 1 169   5.00000000000E+002  5.00000000000E+002  1.26969346742E+003  2.50474993218E+002  1.68043976167E+003
201 2 1 173   5.00000000000E+002  5.00000000000E+002  1.29917079415E+003  2.50203669264E+002  1.65095836235E+003
201 2 1 177   5.00000000000E+002  5.00000000000E+002  1.32864812088E+003  2.49941138894E+002  1.62147696302E+003
201 2 1 181   5.00000000000E+002  5.00000000000E+002  1.35812544761E+003  2.49687241922E+002  1.59199556369E+003
201 2 1 185   5.00000000000E+002  5.00000000000E+002  1.38760277434E+003  2.49441814026E+002  1.56251416436E+003
201 2 1 189   5.00000000000E+002  5.00000000000E+002  1.41708010107E+003  2.49204687240E+002  1.53303276503E+003
201 2 1 193   5.00000000000E+002  5.00000000000E+002  1.44655742780E+003  2.48975690441E+002  1.50355136571E+003
201 2 1 197   5.00000000000E+002  5.00000000000E+002  1.47603475453E+003  2.48754649802E+002  1.47406996638E+003
201 2 1 201   5.00000000000E+002  5.00000000000E+002  1.50551208125E+003  2.48541389241E+002  1.44458856705E+003
201 2 1 205   5.00000000000E+002  5.00000000000E+002  1.53498940798E+003  2.48335730841E+002  1.41510716772E+003
201 2 1 209   5.00000000000E+002  5.00000000000E+002  1.56446673471E+003  2.48137495253E+002  1.38562576840E+003
201 2 1 213   5.00000000000E+002  5.00000000000E+002  1.59394406144E+003  2.47946502089E+002  1.35614436907E+003
201 2 1 217   5.00000000000E+002  5.00000000000E+002  1.62342138817E+003  2.47762570284E+002  1.32666296974E+003
201 2 1 221   5.00000000000E+002  5.00000000000E+002  1.65289871490E+003  2.47585518454E+002  1.29718157041E+003
201 2 1 225   5.00000000000E+002  5.00000000000E+002  1.68237604163E+003  2.47415165221E+002  1.26770017109E+003
201 2 1 229   5.00000000000E+002  5.00000000000E+002  1.71185336836E+003  2.47251329536E+002  1.23821877176E+003
201 2 1 233   5.00000000000E+002  5.00000000000E+002  1.74133069509E+003  2.47093830976E+002  1.20873737243E+003
201 2 1 237   5.00000000000E+002  5.00000000000E+002  1.77080802182E+003  2.46942490020E+002  1.17925597310E+003
201 2 1 241   5.00000000000E+002  5.00000000000E+002  1.80028534855E+003  2.46797128323E+002  1.14977457378E+003
201 2 1 245   5.00000000000E+002  5.00000000000E+002  1.82976267528E+003  2.46657568957E+002  1.12029317445E+003
201 2 1 249   5.00000000000E+002  5.00000000000E+002  1.85924000201E+003  2.46523636648E+002  1.09081177512E+003
201 2 1 253   5.00000000000E+002  5.00000000000E+002  1.88871732874E+003  2.46395157989E+002  1.06133037579E+003
201 2 1 257   5.00000000000E+002  5.00000000000E+002  1.91819465547E+003  2.46271961645E+002  1.03184897647E+003
201 2 1 261   5.00000000000E+002  5.00000000000E+002  1.94767198219E+003  2.46153878535E+002  1.00236757714E+003
201 2 1 265   5.00000000000E+002  5.00000000000E+002  1.97714930892E+003  2.46040742005E+002  9.72886177811E+002
201 2 1 269   5.00000000000E+002  5.00000000000E+002  2.00662663565E+003  2.45932387987E+002  9.43404778483E+002
201 2 1 273   5.00000000000E+002  5.00000000000E+002  2.03610396238E+003  2.45828655136E+002  9.13923379155E+002
201 2 1 277   5.00000000000E+002  5.00000000000E+002  2.06558128911E+003  2.45729384965E+002  8.84441979828E+002
201 2 1 281   5.00000000000E+002  5.00000000000E+002  2.09505861584E+003  2.45634421956E+002  8.54960580500E+002
201 2 1 285   5.00000000000E+002  5.00000000000E+002  2.12453594257E+003  2.45543613666E+002  8.25479181173E+002
201 2 1 289   5.00000000000E+002  5.00000000000E+002  2.15401326930E+003  2.45456810816E+002  7.95997781845E+002
201 2 1 293   5.00000000000E+002  5.00000000000E+002  2.18349059603E+003  2.45373867371E+002  7.66516382517E+002
201 2 1 297   5.00000000000E+002  5.00000000000E+002  2.21296792276E+003  2.45294640607E+002  7.37034983190E+002
201 2 1 301   5.00000000000E+002  5.00000000000E+002  2.24244524949E+003  2.45218991165E+002  7.07553583862E+002
201 2 1 305   5.00000000000E+002  5.00000000000E+002  2.27192257622E+003  2.45146783100E+002  6.78072184535E+002
201 2 1 309   5.00000000000E+002  5.00000000000E+002  2.30139990295E+003  2.45077883915E+002  6.48590785207E+002
201 2 1 313   5.00000000000E+002  5.00000000000E+002  2.33087722968E+003  2.45012164597E+002  6.19109385879E+002
201 2 1 317   5.00000000000E+002  5.00000000000E+002  2.36035455641E+003  2.44949499656E+002  5.89627986552E+002
201 2 1 321   5.00000000000E+002  5.00000000000E+002  2.38983188313E+003  2.44889767220E+002  5.60146587224E+002
201 2 1 325   5.00000000000E+002  5.00000000000E+002  2.41930920986E+003  2.44832849298E+002  5.30665187897E+002
201 2 1 329   5.00000000000E+002  5.00000000000E+002  2.44878653659E+003  2.44778632518E+002  5.01183788569E+002
201 2 1 333   5.00000000000E+002  5.00000000000E+002  2.47826386332E+003  2.44727010067E+002  4.71702389242E+002
201 2 1 337   5.00000000000E+002  5.00000000000E+002  2.50774119005E+003  2.44677886394E+002  4.42220989914E+002
201 2 1 341   5.00000000000E+002  5.00000000000E+002  2.53721851678E+003  2.44631187814E+002  4.12739590586E+002
201 2 1 345   5.00000000000E+002  5.00000000000E+002  2.56669584351E+003  2.44586884739E+002  3.83258191259E+002
201 2 1 349   5.00000000000E+002  5.00000000000E+002  2.59617317024E+003  2.44545035113E+002  3.53776791931E+002
201 2 1 353   5.00000000000E+002  5.00000000000E+002  2.62565049697E+003  2.44505863639E+002  3.24295392604E+002
201 2 1 357   5.00000000000E+002  5.00000000000E+002  2.65512782370E+003  2.44469896626E+002  2.94813993276E+002
201 2 1 361   5.00000000000E+002  5.00000000000E+002  2.68460515043E+003  2.44438176117E+002  2.65332593948E+002
201 2 1 365   5.00000000000E+002  5.00000000000E+002  2.71408247716E+003  2.44412576523E+002  2.35851194621E+002
201 2 1 369   5.00000000000E+002  5.00000000000E+002  2.74355980389E+003  2.44396239397E+002  2.06369795293E+002
201 2 1 373   5.00000000000E+002  5.00000000000E+002  2.77303713062E+003  2.44394125010E+002  1.76888395966E+002
201 2 1 377   5.00000000000E+002  5.00000000000E+002  2.80251445735E+003  2.44413653651E+002  1.47406996638E+002
201 2 1 381   5.00000000000E+002  5.00000000000E+002  2.83199178407E+003  2.44465379256E+002  1.17925597310E+002
201 2 1 385   5.00000000000E+002  5.00000000000E+002  2.86146911080E+003  2.44563611174E+002  8.84441979828E+001
201 2 1 389   5.00000000000E+002  5.00000000000E+002  2.89094643753E+003  2.44726886051E+002  5.89627986552E+001
201 2 1 393   5.00000000000E+002  5.00000000000E+002  2.92042376426E+003  2.44978197907E+002  2.94813993276E+001
201 2 1 397   5.00000000000E+002  5.00000000000E+002  2.94990109099E+003  2.45344921201E+002  0.00000000000E+000
401 3 1 1   5.00000000000E+002  5.00000000000E+002  6.32914895760E+001  2.70120820948E+002  2.83983423475E+003
401 3 1 5   5.00000000000E+002  5.00000000000E+002  9.19727726558E+001  2.69578112167E+002  2.81114904046E+003
401 3 1 9   5.00000000000E+002  5.00000000000E+002  1.20654055736E+002  2.69020800378E+002  2.78246384617E+003
401 3 1 13   5.00000000000E+002  5.00000000000E+002  1.49335338815E+002  2.68452179386E+002  2.75377865187E+003
401 3 1 17   5.00000000000E+002  5.00000000000E+002  1.78016621895E+002  2.67875379538E+002  2.72509345758E+003
401 3 1 21   5.00000000000E+002  5.00000000000E+002  2.06697904975E+002  2.67293290762E+002  2.69640826329E+003
401 3 1 25   5.00000000000E+002  5.00000000000E+002  2.35379188055E+002  2.66708509497E+002  2.66772306900E+003
401 3 1 29   5.00000000000E+002  5.00000000000E+002  2.64060471134E+002  2.66123310233E+002  2.63903787471E+003
401 3 1 33   5.00000000000E+002  5.00000000000E+002  2.92741754214E+002  2.65539639725E+002  2.61035268042E+003
401 3 1 37   5.00000000000E+002  5.00000000000E+002  3.21423037294E+002  2.64959129963E+002  2.58166748613E+003
401 3 1 41   5.00000000000E+002  5.00000000000E+002  3.50104320374E+002  2.64383124877E+002  2.55298229184E+003
401 3 1 45   5.00000000000E+002  5.00000000000E+002  3.78785603454E+002  2.63812715453E+002  2.52429709755E+003
401 3 1 49   5.00000000000E+002  5.00000000000E+002  4.07466886533E+002  2.63248778404E+002  2.49561190326E+003
401 3 1 53   5.00000000000E+002  5.00000000000E+002  4.36148169613E+002  2.62692014475E+002  2.46692670897E+003
401 3 1 57   5.00000000000E+002  5.00000000000E+002  4.64829452693E+002  2.62142983576E+002  2.43824151468E+003
401 3 1 61   5.00000000000E+002  5.00000000000E+002  4.93510735773E+002  2.61602135112E+002  2.40955632039E+003
401 3 1 65   5.00000000000E+002  5.00000000000E+002  5.22192018852E+002  2.61069832860E+002  2.38087112610E+003
401 3 1 69   5.00000000000E+002  5.00000000000E+002  5.50873301932E+002  2.60546374470E+002  2.35218593181E+003
401 3 1 73   5.00000000000E+002  5.00000000000E+002  5.79554585012E+002  2.60032006179E+002  2.32350073752E+003
401 3 1 77   5.00000000000E+002  5.00000000000E+002  6.08235868092E+002  2.59526933523E+002  2.29481554323E+003
401 3 1 81   5.00000000000E+002  5.00000000000E+002  6.36917151172E+002  2.59031328933E+002  2.26613034894E+003
401 3 1 85   5.00000000000E+002  5.00000000000E+002  6.65598434251E+002  2.58545337008E+002  2.23744515465E+003
401 3 1 89   5.00000000000E+002  5.00000000000E+002  6.94279717331E+002  2.58069078141E+002  2.20875996036E+003
401 3 1 93   5.00000000000E+002  5.00000000000E+002  7.22961000411E+002  2.57602651043E+002  2.18007476607E+003
401 3 1 97   5.00000000000E+002  5.00000000000E+002  7.51642283491E+002  2.57146134535E+002  2.15138957178E+003
401 3 1 101   5.00000000000E+002  5.00000000000E+002  7.80323566570E+002  2.56699588898E+002  2.12270437749E+003
401 3 1 105   5.00000000000E+002  5.00000000000E+002  8.09004849650E+002  2.56263056953E+002  2.09401918320E+003
401 3 1 109   5.00000000000E+002  5.00000000000E+002  8.37686132730E+002  2.55836564974E+002  2.06533398891E+003
401 3 1 113   5.00000000000E+002  5.00000000000E+002  8.66367415810E+002  2.55420123526E+002  2.03664879462E+003
401 3 1 117   5.00000000000E+002  5.00000000000E+002  8.95048698890E+002  2.55013728246E+002  2.00796360033E+003
401 3 1 121   5.00000000000E+002  5.00000000000E+002  9.23729981969E+002  2.54617360590E+002  1.97927840603E+003
401 3 1 125   5.00000000000E+002  5.00000000000E+002  9.52411265049E+002  2.54230988567E+002  1.95059321174E+003
401 3 1 129   5.00000000000E+002  5.00000000000E+002  9.81092548129E+002  2.53854567459E+002  1.92190801745E+003
401 3 1 133   5.00000000000E+002  5.00000000000E+002  1.00977383121E+003  2.53488040524E+002  1.89322282316E+003
401 3 1 137   5.00000000000E+002  5.00000000000E+002  1.03845511429E+003  2.53131339682E+002  1.86453762887E+003
401 3 1 141   5.00000000000E+002  5.00000000000E+002  1.06713639737E+003  2.52784386202E+002  1.83585243458E+003
401 3 1 145   5.00000000000E+002  5.00000000000E+002  1.09581768045E+003  2.52447091359E+002  1.80716724029E+003
401 3 1 149   5.00000000000E+002  5.00000000000E+002  1.12449896353E+003  2.52119357084E+002  1.77848204600E+003
401 3 1 153   5.00000000000E+002  5.00000000000E+002  1.15318024661E+003  2.51801076600E+002  1.74979685171E+003
401 3 1 157   5.00000000000E+002  5.00000000000E+002  1.18186152969E+003  2.51492135035E+002  1.72111165742E+003
401 3 1 161   5.00000000000E+002  5.00000000000E+002  1.21054281277E+003  2.51192410029E+002  1.69242646313E+003
401 3 1 165   5.00000000000E+002  5.00000000000E+002  1.23922409585E+003  2.50901772312E+002  1.66374126884E+003
401 3 1 169   5.00000000000E+002  5.00000000000E+002  1.26790537893E+003  2.50620086274E+002  1.63505607455E+003
401 3 1 173   5.00000000000E+002  5.00000000000E+002  1.29658666201E+003  2.50347210513E+002  1.60637088026E+003
401 3 1 177   5.00000000000E+002  5.00000000000E+002  1.32526794509E+003  2.50082998371E+002  1.57768568597E+003
401 3 1 181   5.00000000000E+002  5.00000000000E+002  1.35394922817E+003  2.49827298444E+002  1.54900049168E+003
401 3 1 185   5.00000000000E+002  5.00000000000E+002  1.38263051125E+003  2.49579955080E+002  1.52031529739E+003
401 3 1 189   5.00000000000E+002  5.00000000000E+002  1.41131179433E+003  2.49340808862E+002  1.49163010310E+003
401 3 1 193   5.00000000000E+002  5.00000000000E+002  1.43999307741E+003  2.49109697066E+002  1.46294490881E+003
401 3 1 197   5.00000000000E+002  5.00000000000E+002  1.46867436049E+003  2.48886454105E+002  1.43425971452E+003
401 3 1 201   5.00000000000E+002  5.00000000000E+002  1.49735564356E+003  2.48670911961E+002  1.40557452023E+003
401 3 1 205   5.00000000000E+002  5.00000000000E+002  1.52603692664E+003  2.48462900587E+002  1.37688932594E+003
401 3 1 209   5.00000000000E+002  5.00000000000E+002  1.55471820972E+003  2.48262248308E+002  1.34820413165E+003
401 3 1 213   5.00000000000E+002  5.00000000000E+002  1.58339949280E+003  2.48068782189E+002  1.31951893736E+003
401 3 1 217   5.00000000000E+002  5.00000000000E+002  1.61208077588E+003  2.47882328396E+002  1.29083374307E+003
401 3 1 221   5.00000000000E+002  5.00000000000E+002  1.64076205896E+003  2.47702712542E+002  1.26214854878E+003
401 3 1 225   5.00000000000E+002  5.00000000000E+002  1.66944334204E+003  2.47529760003E+002  1.23346335449E+003
401 3 1 229   5.00000000000E+002  5.00000000000E+002  1.69812462512E+003  2.47363296237E+002  1.20477816020E+003
401 3 1 233   5.00000000000E+002  5.00000000000E+002  1.72680590820E+003  2.47203147068E+002  1.17609296590E+003
401 3 1 237   5.00000000000E+002  5.00000000000E+002  1.75548719128E+003  2.47049138969E+002  1.14740777161E+003
401 3 1 241   5.00000000000E+002  5.00000000000E+002  1.78416847436E+003  2.46901099320E+002  1.11872257732E+003
401 3 1 245   5.00000000000E+002  5.00000000000E+002  1.81284975744E+003  2.46758856655E+002  1.09003738303E+003
401 3 1 249   5.00000000000E+002  5.00000000000E+002  1.84153104052E+003  2.46622240891E+002  1.06135218874E+003
401 3 1 253   5.00000000000E+002  5.00000000000E+002  1.87021232360E+003  2.46491083546E+002  1.03266699445E+003
401 3 1 257   5.00000000000E+002  5.00000000000E+002  1.89889360668E+003  2.46365217938E+002  1.00398180016E+003
401 3 1 261   5.00000000000E+002  5.00000000000E+002  1.92757488976E+003  2.46244479372E+002  9.75296605872E+002
401 3 1 265   5.00000000000E+002  5.00000000000E+002  1.95625617284E+003  2.46128705316E+002  9.46611411582E+002
401 3 1 269   5.00000000000E+002  5.00000000000E+002  1.98493745592E+003  2.46017735560E+002  9.17926217292E+002
401 3 1 273   5.00000000000E+002  5.00000000000E+002  2.01361873900E+003  2.45911412364E+002  8.89241023001E+002
401 3 1 277   5.00000000000E+002  5.00000000000E+002  2.04230002208E+003  2.45809580600E+002  8.60555828711E+002
401 3 1 281   5.00000000000E+002  5.00000000000E+002  2.07098130516E+003  2.45712087892E+002  8.31870634420E+002
401 3 1 285   5.00000000000E+002  5.00000000000E+002  2.09966258824E+003  2.45618784760E+002  8.03185440130E+002
401 3 1 289   5.00000000000E+002  5.00000000000E+002  2.12834387132E+003  2.45529524800E+002  7.74500245840E+002
401 3 1 293   5.00000000000E+002  5.00000000000E+002  2.15702515440E+003  2.45444164936E+002  7.45815051549E+002
401 3 1 297   5.00000000000E+002  5.00000000000E+002  2.18570643748E+003  2.45362565813E+002  7.17129857259E+002
401 3 1 301   5.00000000000E+002  5.00000000000E+002  2.21438772056E+003  2.45284592490E+002  6.88444662969E+002
401 3 1 305   5.00000000000E+002  5.00000000000E+002  2.24306900364E+003  2.45210115624E+002  6.59759468678E+002
401 3 1 309   5.00000000000E+002  5.00000000000E+002  2.27175028672E+003  2.45139013558E+002  6.31074274388E+002
401 3 1 313   5.00000000000E+002  5.00000000000E+002  2.30043156980E+003  2.45071175887E+002  6.02389080098E+002
401 3 1 317   5.00000000000E+002  5.00000000000E+002  2.32911285288E+003  2.45006509406E+002  5.73703885807E+002
401 3 1 321   5.00000000000E+002  5.00000000000E+002  2.35779413596E+003  2.44944947768E+002  5.45018691517E+002
401 3 1 325   5.00000000000E+002  5.00000000000E+002  2.38647541904E+003  2.44886466708E+002  5.16333497226E+002
401 3 1 329   5.00000000000E+002  5.00000000000E+002  2.41515670212E+003  2.44831107276E+002  4.87648302936E+002
401 3 1 333   5.00000000000E+002  5.00000000000E+002  2.44383798520E+003  2.44779010253E+002  4.58963108646E+002
401 3 1 337   5.00000000000E+002  5.00000000000E+002  2.47251926828E+003  2.44730465468E+002  4.30277914355E+002
401 3 1 341   5.00000000000E+002  5.00000000000E+002  2.50120055136E+003  2.44685980230E+002  4.01592720065E+002
401 3 1 345   5.00000000000E+002  5.00000000000E+002  2.52988183444E+003  2.44646371114E+002  3.72907525775E+002
401 3 1 349   5.00000000000E+002  5.00000000000E+002  2.55856311752E+003  2.44612882860E+002  3.44222331484E+002
401 3 1 353   5.00000000000E+002  5.00000000000E+002  2.58724440060E+003  2.44587336873E+002  3.15537137194E+002
401 3 1 357   5.00000000000E+002  5.00000000000E+002  2.61592568368E+003  2.44572309693E+002  2.86851942904E+002
401 3 1 361   5.00000000000E+002  5.00000000000E+002  2.64460696676E+003  2.44571338813E+002  2.58166748613E+002
401 3 1 365   5.00000000000E+002  5.00000000000E+002  2.67328824984E+003  2.44589149512E+002  2.29481554323E+002
401 3 1 369   5.00000000000E+002  5.00000000000E+002  2.70196953292E+003  2.44631892491E+002  2.00796360033E+002
401 3 1 373   5.00000000000E+002  5.00000000000E+002  2.73065081600E+003  2.44707378454E+002  1.72111165742E+002
401 3 1 377   5.00000000000E+002  5.00000000000E+002  2.75933209907E+003  2.44825293424E+002  1.43425971452E+002
401 3 1 381   5.00000000000E+002  5.00000000000E+002  2.78801338215E+003  2.44997378242E+002  1.14740777161E+002
401 3 1 385   5.00000000000E+002  5.00000000000E+002  2.81669466523E+003  2.45237558407E+002  8.60555828711E+001
401 3 1 389   5.00000000000E+002  5.00000000000E+002  2.84537594831E+003  2.45562016693E+002  5.73703885807E+001
401 3 1 393   5.00000000000E+002  5.00000000000E+002  2.87405723139E+003  2.45989210121E+002  2.86851942904E+001
401 3 1 397   5.00000000000E+002  5.00000000000E+002  2.90273851447E+003  2.46539842784E+002  0.00000000000E+000
601 4 1 1   5.00000000000E+002  5.00000000000E+002  9.49372343640E+001  2.69956641844E+002  2.76301884036E+003
601 4 1 5   5.00000000000E+002  5.00000000000E+002  1.22842665587E+002  2.69440604624E+002  2.73510955914E+003
601 4 1 9   5.00000000000E+002  5.00000000000E+002  1.50748096811E+002  2.68910146995E+002  2.70720027793E+003
601 4 1 13   5.00000000000E+002  5.00000000000E+002  1.78653528034E+002  2.68367884001E+002  2.67929099671E+003
601 4 1 17   5.00000000000E+002  5.00000000000E+002  2.06558959258E+002  2.67816362910E+002  2.65138171550E+003
601 4 1 21   5.00000000000E+002  5.00000000000E+002  2.34464390481E+002  2.67258013723E+002  2.62347243428E+003
601 4 1 25   5.00000000000E+002  5.00000000000E+002  2.62369821705E+002  2.66695109719E+002  2.59556315307E+003
601 4 1 29   5.00000000000E+002  5.00000000000E+002  2.90275252928E+002  2.66129738914E+002  2.56765387185E+003
601 4 1 33   5.00000000000E+002  5.00000000000E+002  3.18180684152E+002  2.65563786465E+002  2.53974459063E+003
601 4 1 37   5.00000000000E+002  5.00000000000E+002  3.46086115375E+002  2.64998927282E+002  2.51183530942E+003
601 4 1 41   5.00000000000E+002  5.00000000000E+002  3.73991546599E+002  2.64436627530E+002  2.48392602820E+003
601 4 1 45   5.00000000000E+002  5.00000000000E+002  4.01896977822E+002  2.63878153336E+002  2.45601674699E+003
601 4 1 49   5.00000000000E+002  5.00000000000E+002  4.29802409045E+002  2.63324584835E+002  2.42810746577E+003
601 4 1 53   5.00000000000E+002  5.00000000000E+002  4.57707840269E+002  2.62776833700E+002  2.40019818455E+003
601 4 1 57   5.00000000000E+002  5.00000000000E+002  4.85613271492E+002  2.62235662480E+002  2.37228890334E+003
601 4 1 61   5.00000000000E+002  5.00000000000E+002  5.13518702716E+002  2.61701704314E+002  2.34437962212E+003
601 4 1 65   5.00000000000E+002  5.00000000000E+002  5.41424133939E+002  2.61175481922E+002  2.31647034091E+003
601 4 1 69   5.00000000000E+002  5.00000000000E+002  5.69329565163E+002  2.60657425101E+002  2.28856105969E+003
601 4 1 73   5.00000000000E+002  5.00000000000E+002  5.97234996386E+002  2.60147886237E+002  2.26065177848E+003
601 4 1 77   5.00000000000E+002  5.00000000000E+002  6.25140427610E+002  2.59647153645E+002  2.23274249726E+003
601 4 1 81   5.00000000000E+002  5.00000000000E+002  6.53045858833E+002  2.59155462707E+002  2.20483321604E+003
601 4 1 85   5.00000000000E+002  5.00000000000E+002  6.80951290056E+002  2.58673004963E+002  2.17692393483E+003
601 4 1 89   5.00000000000E+002  5.00000000000E+002  7.08856721280E+002  2.58199935368E+002  2.14901465361E+003
601 4 1 93   5.00000000000E+002  5.00000000000E+002  7.36762152503E+002  2.57736377992E+002  2.12110537240E+003
601 4 1 97   5.00000000000E+002  5.00000000000E+002  7.64667583727E+002  2.57282430445E+002  2.09319609118E+003
601 4 1 101   5.00000000000E+002  5.00000000000E+002  7.92573014950E+002  2.56838167277E+002  2.06528680997E+003
601 4 1 105   5.00000000000E+002  5.00000000000E+002  8.20478446174E+002  2.56403642605E+002  2.03737752875E+003
601 4 1 109   5.00000000000E+002  5.00000000000E+002  8.48383877397E+002  2.55978892142E+002  2.00946824753E+003
601 4 1 113   5.00000000000E+002  5.00000000000E+002  8.76289308621E+002  2.55563934804E+002  1.98155896632E+003
601 4 1 117   5.00000000000E+002  5.00000000000E+002  9.04194739844E+002  2.55158774008E+002  1.95364968510E+003
601 4 1 121   5.00000000000E+002  5.00000000000E+002  9.32100171068E+002  2.54763398751E+002  1.92574040389E+003
601 4 1 125   5.00000000000E+002  5.00000000000E+002  9.60005602291E+002  2.54377784546E+002  1.89783112267E+003
601 4 1 129   5.00000000000E+002  5.00000000000E+002  9.87911033514E+002  2.54001894248E+002  1.86992184146E+003
601 4 1 133   5.00000000000E+002  5.00000000000E+002  1.01581646474E+003  2.53635678821E+002  1.84201256024E+003
601 4 1 137   5.00000000000E+002  5.00000000000E+002  1.04372189596E+003  2.53279078046E+002  1.81410327902E+003
601 4 1 141   5.00000000000E+002  5.00000000000E+002  1.07162732718E+003  2.52932021198E+002  1.78619399781E+003
601 4 1 145   5.00000000000E+002  5.00000000000E+002  1.09953275841E+003  2.52594427697E+002  1.75828471659E+003
601 4 1 149   5.00000000000E+002  5.00000000000E+002  1.12743818963E+003  2.52266207735E+002  1.73037543538E+003
601 4 1 153   5.00000000000E+002  5.00000000000E+002  1.15534362086E+003  2.51947262886E+002  1.70246615416E+003
601 4 1 157   5.00000000000E+002  5.00000000000E+002  1.18324905208E+003  2.51637486701E+002  1.67455687295E+003
601 4 1 161   5.00000000000E+002  5.00000000000E+002  1.21115448330E+003  2.51336765276E+002  1.64664759173E+003
601 4 1 165   5.00000000000E+002  5.00000000000E+002  1.23905991453E+003  2.51044977821E+002  1.61873831051E+003
601 4 1 169   5.00000000000E+002  5.00000000000E+002  1.26696534575E+003  2.50761997192E+002  1.59082902930E+003
601 4 1 173   5.00000000000E+002  5.00000000000E+002  1.29487077697E+003  2.50487690429E+002  1.56291974808E+003
601 4 1 177   5.00000000000E+002  5.00000000000E+002  1.32277620820E+003  2.50221919257E+002  1.53501046687E+003
601 4 1 181   5.00000000000E+002  5.00000000000E+002  1.35068163942E+003  2.49964540587E+002  1.50710118565E+003
601 4 1 185   5.00000000000E+002  5.00000000000E+002  1.37858707064E+003  2.49715406991E+002  1.47919190443E+003
601 4 1 189   5.00000000000E+002  5.00000000000E+002  1.40649250187E+003  2.49474367162E+002  1.45128262322E+003
601 4 1 193   5.00000000000E+002  5.00000000000E+002  1.43439793309E+003  2.49241266361E+002  1.42337334200E+003
601 4 1 197   5.00000000000E+002  5.00000000000E+002  1.46230336431E+003  2.49015946849E+002  1.39546406079E+003
601 4 1 201   5.00000000000E+002  5.00000000000E+002  1.49020879554E+003  2.48798248290E+002  1.36755477957E+003
601 4 1 205   5.00000000000E+002  5.00000000000E+002  1.51811422676E+003  2.48588008159E+002  1.33964549836E+003
601 4 1 209   5.00000000000E+002  5.00000000000E+002  1.54601965798E+003  2.48385062112E+002  1.31173621714E+003
601 4 1 213   5.00000000000E+002  5.00000000000E+002  1.57392508921E+003  2.48189244357E+002  1.28382693592E+003
601 4 1 217   5.00000000000E+002  5.00000000000E+002  1.60183052043E+003  2.48000388000E+002  1.25591765471E+003
601 4 1 221   5.00000000000E+002  5.00000000000E+002  1.62973595165E+003  2.47818325377E+002  1.22800837349E+003
601 4 1 225   5.00000000000E+002  5.00000000000E+002  1.65764138288E+003  2.47642888371E+002  1.20009909228E+003
601 4 1 229   5.00000000000E+002  5.00000000000E+002  1.68554681410E+003  2.47473908717E+002  1.17218981106E+003
601 4 1 233   5.00000000000E+002  5.00000000000E+002  1.71345224532E+003  2.47311218288E+002  1.14428052985E+003
601 4 1 237   5.00000000000E+002  5.00000000000E+002  1.74135767655E+003  2.47154649363E+002  1.11637124863E+003
601 4 1 241   5.00000000000E+002  5.00000000000E+002  1.76926310777E+003  2.47004034894E+002  1.08846196741E+003
601 4 1 245   5.00000000000E+002  5.00000000000E+002  1.79716853899E+003  2.46859208748E+002  1.06055268620E+003
601 4 1 249   5.00000000000E+002  5.00000000000E+002  1.82507397022E+003  2.46720005941E+002  1.03264340498E+003
601 4 1 253   5.00000000000E+002  5.00000000000E+002  1.85297940144E+003  2.46586262869E+002  1.00473412377E+003
601 4 1 257   5.00000000000E+002  5.00000000000E+002  1.88088483266E+003  2.46457817533E+002  9.76824842551E+002
601 4 1 261   5.00000000000E+002  5.00000000000E+002  1.90879026389E+003  2.46334509768E+002  9.48915561336E+002
601 4 1 265   5.00000000000E+002  5.00000000000E+002  1.93669569511E+003  2.46216181499E+002  9.21006280120E+002
601 4 1 269   5.00000000000E+002  5.00000000000E+002  1.96460112634E+003  2.46102677033E+002  8.93096998904E+002
601 4 1 273   5.00000000000E+002  5.00000000000E+002  1.99250655756E+003  2.45993843438E+002  8.65187717688E+002
601 4 1 277   5.00000000000E+002  5.00000000000E+002  2.02041198878E+003  2.45889531056E+002  8.37278436473E+002
601 4 1 281   5.00000000000E+002  5.00000000000E+002  2.04831742001E+003  2.45789594237E+002  8.09369155257E+002
601 4 1 285   5.00000000000E+002  5.00000000000E+002  2.07622285123E+003  2.45693892433E+002  7.81459874041E+002
601 4 1 289   5.00000000000E+002  5.00000000000E+002  2.10412828245E+003  2.45602291817E+002  7.53550592825E+002
601 4 1 293   5.00000000000E+002  5.00000000000E+002  2.13203371368E+003  2.45514667712E+002  7.25641311610E+002
601 4 1 297   5.00000000000E+002  5.00000000000E+002  2.15993914490E+003  2.45430908173E+002  6.97732030394E+002
601 4 1 301   5.00000000000E+002  5.00000000000E+002  2.18784457612E+003  2.45350919212E+002  6.69822749178E+002
601 4 1 305   5.00000000000E+002  5.00000000000E+002  2.21575000735E+003  2.45274632308E+002  6.41913467962E+002
601 4 1 309   5.00000000000E+002  5.00000000000E+002  2.24365543857E+003  2.45202014980E+002  6.14004186747E+002
601 4 1 313   5.00000000000E+002  5.00000000000E+002  2.27156086979E+003  2.45133085425E+002  5.86094905531E+002
601 4 1 317   5.00000000000E+002  5.00000000000E+002  2.29946630102E+003  2.45067932363E+002  5.58185624315E+002
601 4 1 321   5.00000000000E+002  5.00000000000E+002  2.32737173224E+003  2.45006741403E+002  5.30276343099E+002
601 4 1 325   5.00000000000E+002  5.00000000000E+002  2.35527716346E+003  2.44949829346E+002  5.02367061884E+002
601 4 1 329   5.00000000000E+002  5.00000000000E+002  2.38318259469E+003  2.44897687846E+002  4.74457780668E+002
601 4 1 333   5.00000000000E+002  5.00000000000E+002  2.41108802591E+003  2.44851037762E+002  4.46548499452E+002
601 4 1 337   5.00000000000E+002  5.00000000000E+002  2.43899345713E+003  2.44810895263E+002  4.18639218236E+002
601 4 1 341   5.00000000000E+002  5.00000000000E+002  2.46689888836E+003  2.44778650326E+002  3.90729937021E+002
601 4 1 345   5.00000000000E+002  5.00000000000E+002  2.49480431958E+003  2.44756157637E+002  3.62820655805E+002
601 4 1 349   5.00000000000E+002  5.00000000000E+002  2.52270975080E+003  2.44745839159E+002  3.34911374589E+002
601 4 1 353   5.00000000000E+002  5.00000000000E+002  2.55061518203E+003  2.44750796671E+002  3.07002093373E+002
601 4 1 357   5.00000000000E+002  5.00000000000E+002  2.57852061325E+003  2.44774931736E+002  2.79092812158E+002
601 4 1 361   5.00000000000E+002  5.00000000000E+002  2.60642604447E+003  2.44823069620E+002  2.51183530942E+002
601 4 1 365   5.00000000000E+002  5.00000000000E+002  2.63433147570E+003  2.44901083065E+002  2.23274249726E+002
601 4 1 369   5.00000000000E+002  5.00000000000E+002  2.66223690692E+003  2.45016011478E+002  1.95364968510E+002
601 4 1 373   5.00000000000E+002  5.00000000000E+002  2.69014233815E+003  2.45176171154E+002  1.67455687295E+002
601 4 1 377   5.00000000000E+002  5.00000000000E+002  2.71804776937E+003  2.45391252706E+002  1.39546406079E+002
601 4 1 381   5.00000000000E+002  5.00000000000E+002  2.74595320059E+003  2.45672402896E+002  1.11637124863E+002
601 4 1 385   5.00000000000E+002  5.00000000000E+002  2.77385863182E+003  2.46032289403E+002  8.37278436473E+001
601 4 1 389   5.00000000000E+002  5.00000000000E+002  2.80176406304E+003  2.46485148762E+002  5.58185624315E+001
601 4 1 393   5.00000000000E+002  5.00000000000E+002  2.82966949426E+003  2.47046819495E+002  2.79092812158E+001
601 4 1 397   5.00000000000E+002  5.00000000000E+002  2.85757492549E+003  2.47734764367E+002  0.00000000000E+000
801 5 1 1   5.00000000000E+002  5.00000000000E+002  1.26582979152E+002  2.69792462739E+002  2.68740926121E+003
801 5 1 5   5.00000000000E+002  5.00000000000E+002  1.53724745256E+002  2.69298956353E+002  2.66026371312E+003
801 5 1 9   5.00000000000E+002  5.00000000000E+002  1.80866511359E+002  2.68791455264E+002  2.63311816503E+003
801 5 1 13   5.00000000000E+002  5.00000000000E+002  2.08008277463E+002  2.68272123567E+002  2.60597261693E+003
801 5 1 17   5.00000000000E+002  5.00000000000E+002  2.35150043566E+002  2.67743099916E+002  2.57882706884E+003
801 5 1 21   5.00000000000E+002  5.00000000000E+002  2.62291809670E+002  2.67206462528E+002  2.55168152075E+003
801 5 1 25   5.00000000000E+002  5.00000000000E+002  2.89433575774E+002  2.66664199405E+002  2.52453597266E+003
801 5 1 29   5.00000000000E+002  5.00000000000E+002  3.16575341877E+002  2.66118184409E+002  2.49739042456E+003
801 5 1 33   5.00000000000E+002  5.00000000000E+002  3.43717107981E+002  2.65570159437E+002  2.47024487647E+003
801 5 1 37   5.00000000000E+002  5.00000000000E+002  3.70858874084E+002  2.65021722622E+002  2.44309932838E+003
801 5 1 41   5.00000000000E+002  5.00000000000E+002  3.98000640188E+002  2.64474322161E+002  2.41595378028E+003
801 5 1 45   5.00000000000E+002  5.00000000000E+002  4.25142406292E+002  2.63929255156E+002  2.38880823219E+003
801 5 1 49   5.00000000000E+002  5.00000000000E+002  4.52284172395E+002  2.63387670712E+002  2.36166268410E+003
801 5 1 53   5.00000000000E+002  5.00000000000E+002  4.79425938499E+002  2.62850576423E+002  2.33451713600E+003
801 5 1 57   5.00000000000E+002  5.00000000000E+002  5.06567704602E+002  2.62318847369E+002  2.30737158791E+003
801 5 1 61   5.00000000000E+002  5.00000000000E+002  5.33709470706E+002  2.61793236807E+002  2.28022603982E+003
801 5 1 65   5.00000000000E+002  5.00000000000E+002  5.60851236809E+002  2.61274387787E+002  2.25308049172E+003
801 5 1 69   5.00000000000E+002  5.00000000000E+002  5.87993002913E+002  2.60762845057E+002  2.22593494363E+003
801 5 1 73   5.00000000000E+002  5.00000000000E+002  6.15134769017E+002  2.60259066735E+002  2.19878939554E+003
801 5 1 77   5.00000000000E+002  5.00000000000E+002  6.42276535120E+002  2.59763435374E+002  2.17164384745E+003
801 5 1 81   5.00000000000E+002  5.00000000000E+002  6.69418301224E+002  2.59276268128E+002  2.14449829935E+003
801 5 1 85   5.00000000000E+002  5.00000000000E+002  6.96560067327E+002  2.58797825884E+002  2.11735275126E+003
801 5 1 89   5.00000000000E+002  5.00000000000E+002  7.23701833431E+002  2.58328321285E+002  2.09020720317E+003
801 5 1 93   5.00000000000E+002  5.00000000000E+002  7.50843599535E+002  2.57867925640E+002  2.06306165507E+003
801 5 1 97   5.00000000000E+002  5.00000000000E+002  7.77985365638E+002  2.57416774797E+002  2.03591610698E+003
801 5 1 101   5.00000000000E+002  5.00000000000E+002  8.05127131742E+002  2.56974974049E+002  2.00877055889E+003
801 5 1 105   5.00000000000E+002  5.00000000000E+002  8.32268897845E+002  2.56542602204E+002  1.98162501079E+003
801 5 1 109   5.00000000000E+002  5.00000000000E+002  8.59410663949E+002  2.56119714920E+002  1.95447946270E+003
801 5 1 113   5.00000000000E+002  5.00000000000E+002  8.86552430053E+002  2.55706347444E+002  1.92733391461E+003
801 5 1 117   5.00000000000E+002  5.00000000000E+002  9.13694196156E+002  2.55302516842E+002  1.90018836651E+003
801 5 1 121   5.00000000000E+002  5.00000000000E+002  9.40835962260E+002  2.54908223832E+002  1.87304281842E+003
801 5 1 125   5.00000000000E+002  5.00000000000E+002  9.67977728363E+002  2.54523454298E+002  1.84589727033E+003
801 5 1 129   5.00000000000E+002  5.00000000000E+002  9.95119494467E+002  2.54148180568E+002  1.81875172224E+003
801 5 1 133   5.00000000000E+002  5.00000000000E+002  1.02226126057E+003  2.53782362488E+002  1.79160617414E+003
801 5 1 137   5.00000000000E+002  5.00000000000E+002  1.04940302667E+003  2.53425948367E+002  1.76446062605E+003
801 5 1 141   5.00000000000E+002  5.00000000000E+002  1.07654479278E+003  2.53078875805E+002  1.73731507796E+003
801 5 1 145   5.00000000000E+002  5.00000000000E+002  1.10368655888E+003  2.52741072443E+002  1.71016952986E+003
801 5 1 149   5.00000000000E+002  5.00000000000E+002  1.13082832498E+003  2.52412456659E+002  1.68302398177E+003
801 5 1 153   5.00000000000E+002  5.00000000000E+002  1.15797009109E+003  2.52092938200E+002  1.65587843368E+003
801 5 1 157   5.00000000000E+002  5.00000000000E+002  1.18511185719E+003  2.51782418796E+002  1.62873288558E+003
801 5 1 161   5.00000000000E+002  5.00000000000E+002  1.21225362330E+003  2.51480792733E+002  1.60158733749E+003
801 5 1 165   5.00000000000E+002  5.00000000000E+002  1.23939538940E+003  2.51187947403E+002  1.57444178940E+003
801 5 1 169   5.00000000000E+002  5.00000000000E+002  1.26653715550E+003  2.50903763841E+002  1.54729624130E+003
801 5 1 173   5.00000000000E+002  5.00000000000E+002  1.29367892161E+003  2.50628117228E+002  1.52015069321E+003
801 5 1 177   5.00000000000E+002  5.00000000000E+002  1.32082068771E+003  2.50360877391E+002  1.49300514512E+003
801 5 1 181   5.00000000000E+002  5.00000000000E+002  1.34796245381E+003  2.50101909276E+002  1.46585959703E+003
801 5 1 185   5.00000000000E+002  5.00000000000E+002  1.37510421992E+003  2.49851073412E+002  1.43871404893E+003
801 5 1 189   5.00000000000E+002  5.00000000000E+002  1.40224598602E+003  2.49608226354E+002  1.41156850084E+003
801 5 1 193   5.00000000000E+002  5.00000000000E+002  1.42938775212E+003  2.49373221113E+002  1.38442295275E+003
801 5 1 197   5.00000000000E+002  5.00000000000E+002  1.45652951823E+003  2.49145907567E+002  1.35727740465E+003
801 5 1 201   5.00000000000E+002  5.00000000000E+002  1.48367128433E+003  2.48926132865E+002  1.33013185656E+003
801 5 1 205   5.00000000000E+002  5.00000000000E+002  1.51081305044E+003  2.48713741807E+002  1.30298630847E+003
801 5 1 209   5.00000000000E+002  5.00000000000E+002  1.53795481654E+003  2.48508577214E+002  1.27584076037E+003
801 5 1 213   5.00000000000E+002  5.00000000000E+002  1.56509658264E+003  2.48310480279E+002  1.24869521228E+003
801 5 1 217   5.00000000000E+002  5.00000000000E+002  1.59223834875E+003  2.48119290916E+002  1.22154966419E+003
801 5 1 221   5.00000000000E+002  5.00000000000E+002  1.61938011485E+003  2.47934848078E+002  1.19440411609E+003
801 5 1 225   5.00000000000E+002  5.00000000000E+002  1.64652188095E+003  2.47756990078E+002  1.16725856800E+003
801 5 1 229   5.00000000000E+002  5.00000000000E+002  1.67366364706E+003  2.47585554896E+002  1.14011301991E+003
801 5 1 233   5.00000000000E+002  5.00000000000E+002  1.70080541316E+003  2.47420380473E+002  1.11296747182E+003
801 5 1 237   5.00000000000E+002  5.00000000000E+002  1.72794717926E+003  2.47261305011E+002  1.08582192372E+003
801 5 1 241   5.00000000000E+002  5.00000000000E+002  1.75508894537E+003  2.47108167278E+002  1.05867637563E+003
801 5 1 245   5.00000000000E+002  5.00000000000E+002  1.78223071147E+003  2.46960806916E+002  1.03153082754E+003
801 5 1 249   5.00000000000E+002  5.00000000000E+002  1.80937247757E+003  2.46819064797E+002  1.00438527944E+003
801 5 1 253   5.00000000000E+002  5.00000000000E+002  1.83651424368E+003  2.46682783417E+002  9.77239731350E+002
801 5 1 257   5.00000000000E+002  5.00000000000E+002  1.86365600978E+003  2.46551807386E+002  9.50094183257E+002
801 5 1 261   5.00000000000E+002  5.00000000000E+002  1.89079777589E+003  2.46425984042E+002  9.22948635164E+002
801 5 1 265   5.00000000000E+002  5.00000000000E+002  1.91793954199E+003  2.46305164265E+002  8.95803087071E+002
801 5 1 269   5.00000000000E+002  5.00000000000E+002  1.94508130809E+003  2.46189203566E+002  8.68657538978E+002
801 5 1 273   5.00000000000E+002  5.00000000000E+002  1.97222307420E+003  2.46077963577E+002  8.41511990885E+002
801 5 1 277   5.00000000000E+002  5.00000000000E+002  1.99936484030E+003  2.45971314091E+002  8.14366442792E+002
801 5 1 281   5.00000000000E+002  5.00000000000E+002  2.02650660640E+003  2.45869135848E+002  7.87220894699E+002
801 5 1 285   5.00000000000E+002  5.00000000000E+002  2.05364837251E+003  2.45771324316E+002  7.60075346606E+002
801 5 1 289   5.00000000000E+002  5.00000000000E+002  2.08079013861E+003  2.45677794782E+002  7.32929798513E+002
801 5 1 293   5.00000000000E+002  5.00000000000E+002  2.10793190471E+003  2.45588489125E+002  7.05784250420E+002
801 5 1 297   5.00000000000E+002  5.00000000000E+002  2.13507367082E+003  2.45503384712E+002  6.78638702327E+002
801 5 1 301   5.00000000000E+002  5.00000000000E+002  2.16221543692E+003  2.45422505938E+002  6.51493154234E+002
801 5 1 305   5.00000000000E+002  5.00000000000E+002  2.18935720303E+003  2.45345938966E+002  6.24347606141E+002
801 5 1 309   5.00000000000E+002  5.00000000000E+002  2.21649896913E+003  2.45273850291E+002  5.97202058047E+002
801 5 1 313   5.00000000000E+002  5.00000000000E+002  2.24364073523E+003  2.45206509770E+002  5.70056509954E+002
801 5 1 317   5.00000000000E+002  5.00000000000E+002  2.27078250134E+003  2.45144318724E+002  5.42910961861E+002
801 5 1 321   5.00000000000E+002  5.00000000000E+002  2.29792426744E+003  2.45087843698E+002  5.15765413768E+002
801 5 1 325   5.00000000000E+002  5.00000000000E+002  2.32506603354E+003  2.45037856333E+002  4.88619865675E+002
801 5 1 329   5.00000000000E+002  5.00000000000E+002  2.35220779965E+003  2.44995379657E+002  4.61474317582E+002
801 5 1 333   5.00000000000E+002  5.00000000000E+002  2.37934956575E+003  2.44961740863E+002  4.34328769489E+002
801 5 1 337   5.00000000000E+002  5.00000000000E+002  2.40649133185E+003  2.44938630400E+002  4.07183221396E+002
801 5 1 341   5.00000000000E+002  5.00000000000E+002  2.43363309796E+003  2.44928166852E+002  3.80037673303E+002
801 5 1 345   5.00000000000E+002  5.00000000000E+002  2.46077486406E+003  2.44932966774E+002  3.52892125210E+002
801 5 1 349   5.00000000000E+002  5.00000000000E+002  2.48791663016E+003  2.44956218284E+002  3.25746577117E+002
801 5 1 353   5.00000000000E+002  5.00000000000E+002  2.51505839627E+003  2.45001756936E+002  2.98601029024E+002
801 5 1 357   5.00000000000E+002  5.00000000000E+002  2.54220016237E+003  2.45074142122E+002  2.71455480931E+002
801 5 1 361   5.00000000000E+002  5.00000000000E+002  2.56934192848E+003  2.45178732124E+002  2.44309932838E+002
801 5 1 365   5.00000000000E+002  5.00000000000E+002  2.59648369458E+003  2.45321755861E+002  2.17164384745E+002
801 5 1 369   5.00000000000E+002  5.00000000000E+002  2.62362546068E+003  2.45510379483E+002  1.90018836651E+002
801 5 1 373   5.00000000000E+002  5.00000000000E+002  2.65076722679E+003  2.45752766118E+002  1.62873288558E+002
801 5 1 377   5.00000000000E+002  5.00000000000E+002  2.67790899289E+003  2.46058127317E+002  1.35727740465E+002
801 5 1 381   5.00000000000E+002  5.00000000000E+002  2.70505075899E+003  2.46436764980E+002  1.08582192372E+002
801 5 1 385   5.00000000000E+002  5.00000000000E+002  2.73219252510E+003  2.46900102630E+002  8.14366442792E+001
801 5 1 389   5.00000000000E+002  5.00000000000E+002  2.75933429120E+003  2.47460704814E+002  5.42910961861E+001
801 5 1 393   5.00000000000E+002  5.00000000000E+002  2.78647605730E+003  2.48132283043E+002  2.71455480931E+001
801 5 1 397   5.00000000000E+002  5.00000000000E+002  2.81361782341E+003  2.48929685951E+002  0.00000000000E+000
1001 6 1 1   5.00000000000E+002  5.00000000000E+002  1.58228723940E+002  2.69628283635E+002  2.61488224231E+003
1001 6 1 5   5.00000000000E+002  5.00000000000E+002  1.84638228621E+002  2.69154118620E+002  2.58846929037E+003
1001 6 1 9   5.00000000000E+002  5.00000000000E+002  2.11047733303E+002  2.68666472290E+002  2.56205633842E+003
1001 6 1 13   5.00000000000E+002  5.00000000000E+002  2.37457237984E+002  2.68167181514E+002  2.53564338648E+003
1001 6 1 17   5.00000000000E+002  5.00000000000E+002  2.63866742666E+002  2.67658079747E+002  2.50923043454E+003
1001 6 1 21   5.00000000000E+002  5.00000000000E+002  2.90276247347E+002  2.67140970752E+002  2.48281748260E+003
1001 6 1 25   5.00000000000E+002  5.00000000000E+002  3.16685752028E+002  2.66617605380E+002  2.45640453065E+003
1001 6 1 29   5.00000000000E+002  5.00000000000E+002  3.43095256710E+002  2.66089661848E+002  2.42999157871E+003
1001 6 1 33   5.00000000000E+002  5.00000000000E+002  3.69504761391E+002  2.65558729775E+002  2.40357862677E+003
1001 6 1 37   5.00000000000E+002  5.00000000000E+002  3.95914266073E+002  2.65026298030E+002  2.37716567483E+003
1001 6 1 41   5.00000000000E+002  5.00000000000E+002  4.22323770754E+002  2.64493746316E+002  2.35075272288E+003
1001 6 1 45   5.00000000000E+002  5.00000000000E+002  4.48733275436E+002  2.63962340245E+002  2.32433977094E+003
1001 6 1 49   5.00000000000E+002  5.00000000000E+002  4.75142780117E+002  2.63433229566E+002  2.29792681900E+003
1001 6 1 53   5.00000000000E+002  5.00000000000E+002  5.01552284798E+002  2.62907449134E+002  2.27151386706E+003
1001 6 1 57   5.00000000000E+002  5.00000000000E+002  5.27961789480E+002  2.62385922147E+002  2.24510091511E+003
1001 6 1 61   5.00000000000E+002  5.00000000000E+002  5.54371294161E+002  2.61869465183E+002  2.21868796317E+003
1001 6 1 65   5.00000000000E+002  5.00000000000E+002  5.80780798843E+002  2.61358794573E+002  2.19227501123E+003
1001 6 1 69   5.00000000000E+002  5.00000000000E+002  6.07190303524E+002  2.60854533663E+002  2.16586205929E+003
1001 6 1 73   5.00000000000E+002  5.00000000000E+002  6.33599808205E+002  2.60357220592E+002  2.13944910734E+003
1001 6 1 77   5.00000000000E+002  5.00000000000E+002  6.60009312887E+002  2.59867316241E+002  2.11303615540E+003
1001 6 1 81   5.00000000000E+002  5.00000000000E+002  6.86418817568E+002  2.59385212080E+002  2.08662320346E+003
1001 6 1 85   5.00000000000E+002  5.00000000000E+002  7.12828322250E+002  2.58911237716E+002  2.06021025152E+003
1001 6 1 89   5.00000000000E+002  5.00000000000E+002  7.39237826931E+002  2.58445667962E+002  2.03379729957E+003
1001 6 1 93   5.00000000000E+002  5.00000000000E+002  7.65647331612E+002  2.57988729353E+002  2.00738434763E+003
1001 6 1 97   5.00000000000E+002  5.00000000000E+002  7.92056836294E+002  2.57540606025E+002  1.98097139569E+003
1001 6 1 101   5.00000000000E+002  5.00000000000E+002  8.18466340975E+002  2.57101444962E+002  1.95455844375E+003
1001 6 1 105   5.00000000000E+002  5.00000000000E+002  8.44875845657E+002  2.56671360606E+002  1.92814549180E+003
1001 6 1 109   5.00000000000E+002  5.00000000000E+002  8.71285350338E+002  2.56250438865E+002  1.90173253986E+003
1001 6 1 113   5.00000000000E+002  5.00000000000E+002  8.97694855020E+002  2.55838740569E+002  1.87531958792E+003
1001 6 1 117   5.00000000000E+002  5.00000000000E+002  9.24104359701E+002  2.55436304429E+002  1.84890663598E+003
1001 6 1 121   5.00000000000E+002  5.00000000000E+002  9.50513864382E+002  2.55043149554E+002  1.82249368403E+003
1001 6 1 125   5.00000000000E+002  5.00000000000E+002  9.76923369064E+002  2.54659277586E+002  1.79608073209E+003
1001 6 1 129   5.00000000000E+002  5.00000000000E+002  1.00333287375E+003  2.54284674521E+002  1.76966778015E+003
1001 6 1 133   5.00000000000E+002  5.00000000000E+002  1.02974237843E+003  2.53919312255E+002  1.74325482821E+003
1001 6 1 137   5.00000000000E+002  5.00000000000E+002  1.05615188311E+003  2.53563149905E+002  1.71684187626E+003
1001 6 1 141   5.00000000000E+002  5.00000000000E+002  1.08256138779E+003  2.53216134950E+002  1.69042892432E+003
1001 6 1 145   5.00000000000E+002  5.00000000000E+002  1.10897089247E+003  2.52878204231E+002  1.66401597238E+003
1001 6 1 149   5.00000000000E+002  5.00000000000E+002  1.13538039715E+003  2.52549284819E+002  1.63760302044E+003
1001 6 1 153   5.00000000000E+002  5.00000000000E+002  1.16178990183E+003  2.52229294808E+002  1.61119006849E+003
1001 6 1 157   5.00000000000E+002  5.00000000000E+002  1.18819940652E+003  2.51918144013E+002  1.58477711655E+003
1001 6 1 161   5.00000000000E+002  5.00000000000E+002  1.21460891120E+003  2.51615734622E+002  1.55836416461E+003
1001 6 1 165   5.00000000000E+002  5.00000000000E+002  1.24101841588E+003  2.51321961794E+002  1.53195121267E+003
1001 6 1 169   5.00000000000E+002  5.00000000000E+002  1.26742792056E+003  2.51036714221E+002  1.50553826072E+003
1001 6 1 173   5.00000000000E+002  5.00000000000E+002  1.29383742524E+003  2.50759874653E+002  1.47912530878E+003
1001 6 1 177   5.00000000000E+002  5.00000000000E+002  1.32024692992E+003  2.50491320402E+002  1.45271235684E+003
1001 6 1 181   5.00000000000E+002  5.00000000000E+002  1.34665643460E+003  2.50230923815E+002  1.42629940490E+003
1001 6 1 185   5.00000000000E+002  5.00000000000E+002  1.37306593928E+003  2.49978552734E+002  1.39988645295E+003
1001 6 1 189   5.00000000000E+002  5.00000000000E+002  1.39947544397E+003  2.49734070937E+002  1.37347350101E+003
1001 6 1 193   5.00000000000E+002  5.00000000000E+002  1.42588494865E+003  2.49497338552E+002  1.34706054907E+003
1001 6 1 197   5.00000000000E+002  5.00000000000E+002  1.45229445333E+003  2.49268212471E+002  1.32064759713E+003
1001 6 1 201   5.00000000000E+002  5.00000000000E+002  1.47870395801E+003  2.49046546741E+002  1.29423464518E+003
1001 6 1 205   5.00000000000E+002  5.00000000000E+002  1.50511346269E+003  2.48832192941E+002  1.26782169324E+003
1001 6 1 209   5.00000000000E+002  5.00000000000E+002  1.53152296737E+003  2.48625000555E+002  1.24140874130E+003
1001 6 1 213   5.00000000000E+002  5.00000000000E+002  1.55793247205E+003  2.48424817335E+002  1.21499578936E+003
1001 6 1 217   5.00000000000E+002  5.00000000000E+002  1.58434197674E+003  2.48231489655E+002  1.18858283741E+003
1001 6 1 221   5.00000000000E+002  5.00000000000E+002  1.61075148142E+003  2.48044862870E+002  1.16216988547E+003
1001 6 1 225   5.00000000000E+002  5.00000000000E+002  1.63716098610E+003  2.47864781681E+002  1.13575693353E+003
1001 6 1 229   5.00000000000E+002  5.00000000000E+002  1.66357049078E+003  2.47691090517E+002  1.10934398159E+003
1001 6 1 233   5.00000000000E+002  5.00000000000E+002  1.68997999546E+003  2.47523633945E+002  1.08293102964E+003
1001 6 1 237   5.00000000000E+002  5.00000000000E+002  1.71638950014E+003  2.47362257125E+002  1.05651807770E+003
1001 6 1 241   5.00000000000E+002  5.00000000000E+002  1.74279900482E+003  2.47206806350E+002  1.03010512576E+003
1001 6 1 245   5.00000000000E+002  5.00000000000E+002  1.76920850951E+003  2.47057129669E+002  1.00369217382E+003
1001 6 1 249   5.00000000000E+002  5.00000000000E+002  1.79561801419E+003  2.46913077678E+002  9.77279221873E+002
1001 6 1 253   5.00000000000E+002  5.00000000000E+002  1.82202751887E+003  2.46774504502E+002  9.50866269930E+002
1001 6 1 257   5.00000000000E+002  5.00000000000E+002  1.84843702355E+003  2.46641269051E+002  9.24453317988E+002
1001 6 1 261   5.00000000000E+002  5.00000000000E+002  1.87484652823E+003  2.46513236650E+002  8.98040366045E+002
1001 6 1 265   5.00000000000E+002  5.00000000000E+002  1.90125603291E+003  2.46390281129E+002  8.71627414103E+002
1001 6 1 269   5.00000000000E+002  5.00000000000E+002  1.92766553759E+003  2.46272287547E+002  8.45214462160E+002
1001 6 1 273   5.00000000000E+002  5.00000000000E+002  1.95407504228E+003  2.46159155675E+002  8.18801510218E+002
1001 6 1 277   5.00000000000E+002  5.00000000000E+002  1.98048454696E+003  2.46050804467E+002  7.92388558275E+002
1001 6 1 281   5.00000000000E+002  5.00000000000E+002  2.00689405164E+003  2.45947177729E+002  7.65975606333E+002
1001 6 1 285   5.00000000000E+002  5.00000000000E+002  2.03330355632E+003  2.45848251245E+002  7.39562654390E+002
1001 6 1 289   5.00000000000E+002  5.00000000000E+002  2.05971306100E+003  2.45754041654E+002  7.13149702448E+002
1001 6 1 293   5.00000000000E+002  5.00000000000E+002  2.08612256568E+003  2.45664617378E+002  6.86736750505E+002
1001 6 1 297   5.00000000000E+002  5.00000000000E+002  2.11253207036E+003  2.45580111938E+002  6.60323798563E+002
1001 6 1 301   5.00000000000E+002  5.00000000000E+002  2.13894157505E+003  2.45500739980E+002  6.33910846620E+002
1001 6 1 305   5.00000000000E+002  5.00000000000E+002  2.16535107973E+003  2.45426816336E+002  6.07497894678E+002
1001 6 1 309   5.00000000000E+002  5.00000000000E+002  2.19176058441E+003  2.45358778402E+002  5.81084942735E+002
1001 6 1 313   5.00000000000E+002  5.00000000000E+002  2.21817008909E+003  2.45297212085E+002  5.54671990793E+002
1001 6 1 317   5.00000000000E+002  5.00000000000E+002  2.24457959377E+003  2.45242881478E+002  5.28259038850E+002
1001 6 1 321   5.00000000000E+002  5.00000000000E+002  2.27098909845E+003  2.45196762333E+002  5.01846086908E+002
1001 6 1 325   5.00000000000E+002  5.00000000000E+002  2.29739860313E+003  2.45160079283E+002  4.75433134965E+002
1001 6 1 329   5.00000000000E+002  5.00000000000E+002  2.32380810782E+003  2.45134346612E+002  4.49020183023E+002
1001 6 1 333   5.00000000000E+002  5.00000000000E+002  2.35021761250E+003  2.45121412222E+002  4.22607231080E+002
1001 6 1 337   5.00000000000E+002  5.00000000000E+002  2.37662711718E+003  2.45123504275E+002  3.96194279138E+002
1001 6 1 341   5.00000000000E+002  5.00000000000E+002  2.40303662186E+003  2.45143279797E+002  3.69781327195E+002
1001 6 1 345   5.00000000000E+002  5.00000000000E+002  2.42944612654E+003  2.45183874358E+002  3.43368375253E+002
1001 6 1 349   5.00000000000E+002  5.00000000000E+002  2.45585563122E+003  2.45248951719E+002  3.16955423310E+002
1001 6 1 353   5.00000000000E+002  5.00000000000E+002  2.48226513590E+003  2.45342752034E+002  2.90542471368E+002
1001 6 1 357   5.00000000000E+002  5.00000000000E+002  2.50867464059E+003  2.45470136787E+002  2.64129519425E+002
1001 6 1 361   5.00000000000E+002  5.00000000000E+002  2.53508414527E+003  2.45636627851E+002  2.37716567482E+002
1001 6 1 365   5.00000000000E+002  5.00000000000E+002  2.56149364995E+003  2.45848436837E+002  2.11303615540E+002
1001 6 1 369   5.00000000000E+002  5.00000000000E+002  2.58790315463E+003  2.46112478925E+002  1.84890663597E+002
1001 6 1 373   5.00000000000E+002  5.00000000000E+002  2.61431265931E+003  2.46436362530E+002  1.58477711655E+002
1001 6 1 377   5.00000000000E+002  5.00000000000E+002  2.64072216399E+003  2.46828342571E+002  1.32064759712E+002
1001 6 1 381   5.00000000000E+002  5.00000000000E+002  2.66713166867E+003  2.47297221073E+002  1.05651807770E+002
1001 6 1 385   5.00000000000E+002  5.00000000000E+002  2.69354117336E+003  2.47852175592E+002  7.92388558275E+001
1001 6 1 389   5.00000000000E+002  5.00000000000E+002  2.71995067804E+003  2.48502495237E+002  5.28259038850E+001
1001 6 1 393   5.00000000000E+002  5.00000000000E+002  2.74636018272E+003  2.49257209064E+002  2.64129519425E+001
1001 6 1 397   5.00000000000E+002  5.00000000000E+002  2.77276968740E+003  2.50124607534E+002  0.00000000000E+000
1201 7 1 1   5.00000000000E+002  5.00000000000E+002  1.89874468728E+002  2.69464104530E+002  2.54868639829E+003
1201 7 1 5   5.00000000000E+002  5.00000000000E+002  2.15615445192E+002  2.69006231953E+002  2.52294209124E+003
1201 7 1 9   5.00000000000E+002  5.00000000000E+002  2.41356421657E+002  2.68535393492E+002  2.49719778418E+003
1201 7 1 13   5.00000000000E+002  5.00000000000E+002  2.67097398121E+002  2.68053180971E+002  2.47145347713E+003
1201 7 1 17   5.00000000000E+002  5.00000000000E+002  2.92838374586E+002  2.67561195291E+002  2.44570917008E+003
1201 7 1 21   5.00000000000E+002  5.00000000000E+002  3.18579351050E+002  2.67061025767E+002  2.41996486302E+003
1201 7 1 25   5.00000000000E+002  5.00000000000E+002  3.44320327514E+002  2.66554231395E+002  2.39422055597E+003
1201 7 1 29   5.00000000000E+002  5.00000000000E+002  3.70061303979E+002  2.66042324393E+002  2.36847624892E+003
1201 7 1 33   5.00000000000E+002  5.00000000000E+002  3.95802280443E+002  2.65526756220E+002  2.34273194186E+003
1201 7 1 37   5.00000000000E+002  5.00000000000E+002  4.21543256907E+002  2.65008906177E+002  2.31698763481E+003
1201 7 1 41   5.00000000000E+002  5.00000000000E+002  4.47284233372E+002  2.64490072612E+002  2.29124332776E+003
1201 7 1 45   5.00000000000E+002  5.00000000000E+002  4.73025209836E+002  2.63971466632E+002  2.26549902070E+003
1201 7 1 49   5.00000000000E+002  5.00000000000E+002  4.98766186301E+002  2.63454208167E+002  2.23975471365E+003
1201 7 1 53   5.00000000000E+002  5.00000000000E+002  5.24507162765E+002  2.62939324189E+002  2.21401040660E+003
1201 7 1 57   5.00000000000E+002  5.00000000000E+002  5.50248139229E+002  2.62427748810E+002  2.18826609954E+003
1201 7 1 61   5.00000000000E+002  5.00000000000E+002  5.75989115694E+002  2.61920324990E+002  2.16252179249E+003
1201 7 1 65   5.00000000000E+002  5.00000000000E+002  6.01730092158E+002  2.61417807567E+002  2.13677748544E+003
1201 7 1 69   5.00000000000E+002  5.00000000000E+002  6.27471068622E+002  2.60920867315E+002  2.11103317838E+003
1201 7 1 73   5.00000000000E+002  5.00000000000E+002  6.53212045087E+002  2.60430095769E+002  2.08528887133E+003
1201 7 1 77   5.00000000000E+002  5.00000000000E+002  6.78953021551E+002  2.59946010555E+002  2.05954456428E+003
1201 7 1 81   5.00000000000E+002  5.00000000000E+002  7.04693998016E+002  2.59469061009E+002  2.03380025722E+003
1201 7 1 85   5.00000000000E+002  5.00000000000E+002  7.30434974480E+002  2.58999633893E+002  2.00805595017E+003
1201 7 1 89   5.00000000000E+002  5.00000000000E+002  7.56175950944E+002  2.58538059057E+002  1.98231164312E+003
1201 7 1 93   5.00000000000E+002  5.00000000000E+002  7.81916927409E+002  2.58084614908E+002  1.95656733606E+003
1201 7 1 97   5.00000000000E+002  5.00000000000E+002  8.07657903873E+002  2.57639533606E+002  1.93082302901E+003
1201 7 1 101   5.00000000000E+002  5.00000000000E+002  8.33398880337E+002  2.57203005914E+002  1.90507872196E+003
1201 7 1 105   5.00000000000E+002  5.00000000000E+002  8.59139856802E+002  2.56775185665E+002  1.87933441490E+003
1201 7 1 109   5.00000000000E+002  5.00000000000E+002  8.84880833266E+002  2.56356193821E+002  1.85359010785E+003
1201 7 1 113   5.00000000000E+002  5.00000000000E+002  9.10621809731E+002  2.55946122131E+002  1.82784580079E+003
1201 7 1 117   5.00000000000E+002  5.00000000000E+002  9.36362786195E+002  2.55545036387E+002  1.80210149374E+003
1201 7 1 121   5.00000000000E+002  5.00000000000E+002  9.62103762659E+002  2.55152979306E+002  1.77635718669E+003
1201 7 1 125   5.00000000000E+002  5.00000000000E+002  9.87844739124E+002  2.54769973067E+002  1.75061287963E+003
1201 7 1 129   5.00000000000E+002  5.00000000000E+002  1.01358571559E+003  2.54396021531E+002  1.72486857258E+003
1201 7 1 133   5.00000000000E+002  5.00000000000E+002  1.03932669205E+003  2.54031112173E+002  1.69912426553E+003
1201 7 1 137   5.00000000000E+002  5.00000000000E+002  1.06506766852E+003  2.53675217774E+002  1.67337995847E+003
1201 7 1 141   5.00000000000E+002  5.00000000000E+002  1.09080864498E+003  2.53328297885E+002  1.64763565142E+003
1201 7 1 145   5.00000000000E+002  5.00000000000E+002  1.11654962145E+003  2.52990300122E+002  1.62189134437E+003
1201 7 1 149   5.00000000000E+002  5.00000000000E+002  1.14229059791E+003  2.52661161281E+002  1.59614703731E+003
1201 7 1 153   5.00000000000E+002  5.00000000000E+002  1.16803157437E+003  2.52340808337E+002  1.57040273026E+003
1201 7 1 157   5.00000000000E+002  5.00000000000E+002  1.19377255084E+003  2.52029159328E+002  1.54465842321E+003
1201 7 1 161   5.00000000000E+002  5.00000000000E+002  1.21951352730E+003  2.51726124136E+002  1.51891411615E+003
1201 7 1 165   5.00000000000E+002  5.00000000000E+002  1.24525450377E+003  2.51431605204E+002  1.49316980910E+003
1201 7 1 169   5.00000000000E+002  5.00000000000E+002  1.27099548023E+003  2.51145498183E+002  1.46742550205E+003
1201 7 1 173   5.00000000000E+002  5.00000000000E+002  1.29673645670E+003  2.50867692527E+002  1.44168119499E+003
1201 7 1 177   5.00000000000E+002  5.00000000000E+002  1.32247743316E+003  2.50598072043E+002  1.41593688794E+003
1201 7 1 181   5.00000000000E+002  5.00000000000E+002  1.34821840963E+003  2.50336515414E+002  1.39019258089E+003
1201 7 1 185   5.00000000000E+002  5.00000000000E+002  1.37395938609E+003  2.50082896679E+002  1.36444827383E+003
1201 7 1 189   5.00000000000E+002  5.00000000000E+002  1.39970036255E+003  2.49837085702E+002  1.33870396678E+003
1201 7 1 193   5.00000000000E+002  5.00000000000E+002  1.42544133902E+003  2.49598948615E+002  1.31295965973E+003
1201 7 1 197   5.00000000000E+002  5.00000000000E+002  1.45118231548E+003  2.49368348252E+002  1.28721535267E+003
1201 7 1 201   5.00000000000E+002  5.00000000000E+002  1.47692329195E+003  2.49145144567E+002  1.26147104562E+003
1201 7 1 205   5.00000000000E+002  5.00000000000E+002  1.50266426841E+003  2.48929195062E+002  1.23572673857E+003
1201 7 1 209   5.00000000000E+002  5.00000000000E+002  1.52840524488E+003  2.48720355205E+002  1.20998243151E+003
1201 7 1 213   5.00000000000E+002  5.00000000000E+002  1.55414622134E+003  2.48518478871E+002  1.18423812446E+003
1201 7 1 217   5.00000000000E+002  5.00000000000E+002  1.57988719780E+003  2.48323418806E+002  1.15849381741E+003
1201 7 1 221   5.00000000000E+002  5.00000000000E+002  1.60562817427E+003  2.48135027122E+002  1.13274951035E+003
1201 7 1 225   5.00000000000E+002  5.00000000000E+002  1.63136915073E+003  2.47953155862E+002  1.10700520330E+003
1201 7 1 229   5.00000000000E+002  5.00000000000E+002  1.65711012720E+003  2.47777657631E+002  1.08126089624E+003
1201 7 1 233   5.00000000000E+002  5.00000000000E+002  1.68285110366E+003  2.47608386348E+002  1.05551658919E+003
1201 7 1 237   5.00000000000E+002  5.00000000000E+002  1.70859208013E+003  2.47445198137E+002  1.02977228214E+003
1201 7 1 241   5.00000000000E+002  5.00000000000E+002  1.73433305659E+003  2.47287952418E+002  1.00402797508E+003
1201 7 1 245   5.00000000000E+002  5.00000000000E+002  1.76007403306E+003  2.47136513243E+002  9.78283668031E+002
1201 7 1 249   5.00000000000E+002  5.00000000000E+002  1.78581500952E+003  2.46990750953E+002  9.52539360978E+002
1201 7 1 253   5.00000000000E+002  5.00000000000E+002  1.81155598598E+003  2.46850544234E+002  9.26795053924E+002
1201 7 1 257   5.00000000000E+002  5.00000000000E+002  1.83729696245E+003  2.46715782673E+002  9.01050746871E+002
1201 7 1 261   5.00000000000E+002  5.00000000000E+002  1.86303793891E+003  2.46586369926E+002  8.75306439817E+002
1201 7 1 265   5.00000000000E+002  5.00000000000E+002  1.88877891538E+003  2.46462227621E+002  8.49562132764E+002
1201 7 1 269   5.00000000000E+002  5.00000000000E+002  1.91451989184E+003  2.46343300154E+002  8.23817825710E+002
1201 7 1 273   5.00000000000E+002  5.00000000000E+002  1.94026086831E+003  2.46229560524E+002  7.98073518657E+002
1201 7 1 277   5.00000000000E+002  5.00000000000E+002  1.96600184477E+003  2.46121017398E+002  7.72329211603E+002
1201 7 1 281   5.00000000000E+002  5.00000000000E+002  1.99174282123E+003  2.46017723571E+002  7.46584904550E+002
1201 7 1 285   5.00000000000E+002  5.00000000000E+002  2.01748379770E+003  2.45919786026E+002  7.20840597497E+002
1201 7 1 289   5.00000000000E+002  5.00000000000E+002  2.04322477416E+003  2.45827377774E+002  6.95096290443E+002
1201 7 1 293   5.00000000000E+002  5.00000000000E+002  2.06896575063E+003  2.45740751649E+002  6.69351983390E+002
1201 7 1 297   5.00000000000E+002  5.00000000000E+002  2.09470672709E+003  2.45660256222E+002  6.43607676336E+002
1201 7 1 301   5.00000000000E+002  5.00000000000E+002  2.12044770356E+003  2.45586353947E+002  6.17863369283E+002
1201 7 1 305   5.00000000000E+002  5.00000000000E+002  2.14618868002E+003  2.45519641626E+002  5.92119062229E+002
1201 7 1 309   5.00000000000E+002  5.00000000000E+002  2.17192965649E+003  2.45460873201E+002  5.66374755176E+002
1201 7 1 313   5.00000000000E+002  5.00000000000E+002  2.19767063295E+003  2.45410984789E+002  5.40630448122E+002
1201 7 1 317   5.00000000000E+002  5.00000000000E+002  2.22341160941E+003  2.45371121798E+002  5.14886141069E+002
1201 7 1 321   5.00000000000E+002  5.00000000000E+002  2.24915258588E+003  2.45342667791E+002  4.89141834016E+002
1201 7 1 325   5.00000000000E+002  5.00000000000E+002  2.27489356234E+003  2.45327274644E+002  4.63397526962E+002
1201 7 1 329   5.00000000000E+002  5.00000000000E+002  2.30063453881E+003  2.45326893308E+002  4.37653219909E+002
1201 7 1 333   5.00000000000E+002  5.00000000000E+002  2.32637551527E+003  2.45343804295E+002  4.11908912855E+002
1201 7 1 337   5.00000000000E+002  5.00000000000E+002  2.35211649174E+003  2.45380646740E+002  3.86164605802E+002
1201 7 1 341   5.00000000000E+002  5.00000000000E+002  2.37785746820E+003  2.45440444615E+002  3.60420298748E+002
1201 7 1 345   5.00000000000E+002  5.00000000000E+002  2.40359844466E+003  2.45526628401E+002  3.34675991695E+002
1201 7 1 349   5.00000000000E+002  5.00000000000E+002  2.42933942113E+003  2.45643050326E+002  3.08931684641E+002
1201 7 1 353   5.00000000000E+002  5.00000000000E+002  2.45508039759E+003  2.45793991096E+002  2.83187377588E+002
1201 7 1 357   5.00000000000E+002  5.00000000000E+002  2.48082137406E+003  2.45984156178E+002  2.57443070534E+002
1201 7 1 361   5.00000000000E+002  5.00000000000E+002  2.50656235052E+003  2.46218659970E+002  2.31698763481E+002
1201 7 1 365   5.00000000000E+002  5.00000000000E+002  2.53230332699E+003  2.46502996981E+002  2.05954456428E+002
1201 7 1 369   5.00000000000E+002  5.00000000000E+002  2.55804430345E+003  2.46843000396E+002  1.80210149374E+002
1201 7 1 373   5.00000000000E+002  5.00000000000E+002  2.58378527992E+003  2.47244790237E+002  1.54465842321E+002
1201 7 1 377   5.00000000000E+002  5.00000000000E+002  2.60952625638E+003  2.47714715916E+002  1.28721535267E+002
1201 7 1 381   5.00000000000E+002  5.00000000000E+002  2.63526723284E+003  2.48259301119E+002  1.02977228214E+002
1201 7 1 385   5.00000000000E+002  5.00000000000E+002  2.66100820931E+003  2.48885202798E+002  7.72329211603E+001
1201 7 1 389   5.00000000000E+002  5.00000000000E+002  2.68674918577E+003  2.49599200165E+002  5.14886141069E+001
1201 7 1 393   5.00000000000E+002  5.00000000000E+002  2.71249016224E+003  2.50408234359E+002  2.57443070534E+001
1201 7 1 397   5.00000000000E+002  5.00000000000E+002  2.73823113870E+003  2.51319529117E+002  0.00000000000E+000
1340 8 1 1   5.00000000000E+002  5.00000000000E+002  2.11868261356E+002  2.69350000053E+002  2.50236862740E+003
1340 8 1 5   5.00000000000E+002  5.00000000000E+002  2.37141274987E+002  2.68902635525E+002  2.47709217661E+003
1340 8 1 9   5.00000000000E+002  5.00000000000E+002  2.62414288619E+002  2.68442688505E+002  2.45181572583E+003
1340 8 1 13   5.00000000000E+002  5.00000000000E+002  2.87687302250E+002  2.67971607485E+002  2.42653927505E+003
1340 8 1 17   5.00000000000E+002  5.00000000000E+002  3.12960315882E+002  2.67490855572E+002  2.40126282427E+003
1340 8 1 21   5.00000000000E+002  5.00000000000E+002  3.38233329514E+002  2.67001892752E+002  2.37598637349E+003
1340 8 1 25   5.00000000000E+002  5.00000000000E+002  3.63506343145E+002  2.66506159622E+002  2.35070992271E+003
1340 8 1 29   5.00000000000E+002  5.00000000000E+002  3.88779356777E+002  2.66005062829E+002  2.32543347192E+003
1340 8 1 33   5.00000000000E+002  5.00000000000E+002  4.14052370408E+002  2.65499962411E+002  2.30015702114E+003
1340 8 1 37   5.00000000000E+002  5.00000000000E+002  4.39325384040E+002  2.64992161148E+002  2.27488057036E+003
1340 8 1 41   5.00000000000E+002  5.00000000000E+002  4.64598397672E+002  2.64482895966E+002  2.24960411958E+003
1340 8 1 45   5.00000000000E+002  5.00000000000E+002  4.89871411303E+002  2.63973331353E+002  2.22432766880E+003
1340 8 1 49   5.00000000000E+002  5.00000000000E+002  5.15144424935E+002  2.63464554710E+002  2.19905121801E+003
1340 8 1 53   5.00000000000E+002  5.00000000000E+002  5.40417438566E+002  2.62957573499E+002  2.17377476723E+003
1340 8 1 57   5.00000000000E+002  5.00000000000E+002  5.65690452198E+002  2.62453314025E+002  2.14849831645E+003
1340 8 1 61   5.00000000000E+002  5.00000000000E+002  5.90963465830E+002  2.61952621646E+002  2.12322186567E+003
1340 8 1 65   5.00000000000E+002  5.00000000000E+002  6.16236479461E+002  2.61456262210E+002  2.09794541489E+003
1340 8 1 69   5.00000000000E+002  5.00000000000E+002  6.41509493093E+002  2.60964924513E+002  2.07266896411E+003
1340 8 1 73   5.00000000000E+002  5.00000000000E+002  6.66782506724E+002  2.60479223553E+002  2.04739251332E+003
1340 8 1 77   5.00000000000E+002  5.00000000000E+002  6.92055520356E+002  2.59999704391E+002  2.02211606254E+003
1340 8 1 81   5.00000000000E+002  5.00000000000E+002  7.17328533988E+002  2.59526846435E+002  1.99683961176E+003
1340 8 1 85   5.00000000000E+002  5.00000000000E+002  7.42601547619E+002  2.59061067979E+002  1.97156316098E+003
1340 8 1 89   5.00000000000E+002  5.00000000000E+002  7.67874561251E+002  2.58602730859E+002  1.94628671020E+003
1340 8 1 93   5.00000000000E+002  5.00000000000E+002  7.93147574882E+002  2.58152145098E+002  1.92101025942E+003
1340 8 1 97   5.00000000000E+002  5.00000000000E+002  8.18420588514E+002  2.57709573455E+002  1.89573380863E+003
1340 8 1 101   5.00000000000E+002  5.00000000000E+002  8.43693602146E+002  2.57275235789E+002  1.87045735785E+003
1340 8 1 105   5.00000000000E+002  5.00000000000E+002  8.68966615777E+002  2.56849313186E+002  1.84518090707E+003
1340 8 1 109   5.00000000000E+002  5.00000000000E+002  8.94239629409E+002  2.56431951818E+002  1.81990445629E+003
1340 8 1 113   5.00000000000E+002  5.00000000000E+002  9.19512643040E+002  2.56023266497E+002  1.79462800551E+003
1340 8 1 117   5.00000000000E+002  5.00000000000E+002  9.44785656672E+002  2.55623343933E+002  1.76935155472E+003
1340 8 1 121   5.00000000000E+002  5.00000000000E+002  9.70058670304E+002  2.55232245675E+002  1.74407510394E+003
1340 8 1 125   5.00000000000E+002  5.00000000000E+002  9.95331683935E+002  2.54850010759E+002  1.71879865316E+003
1340 8 1 129   5.00000000000E+002  5.00000000000E+002  1.02060469757E+003  2.54476658083E+002  1.69352220238E+003
1340 8 1 133   5.00000000000E+002  5.00000000000E+002  1.04587771120E+003  2.54112188506E+002  1.66824575160E+003
1340 8 1 137   5.00000000000E+002  5.00000000000E+002  1.07115072483E+003  2.53756586720E+002  1.64296930082E+003
1340 8 1 141   5.00000000000E+002  5.00000000000E+002  1.09642373846E+003  2.53409822900E+002  1.61769285003E+003
1340 8 1 145   5.00000000000E+002  5.00000000000E+002  1.12169675209E+003  2.53071854158E+002  1.59241639925E+003
1340 8 1 149   5.00000000000E+002  5.00000000000E+002  1.14696976572E+003  2.52742625840E+002  1.56713994847E+003
1340 8 1 153   5.00000000000E+002  5.00000000000E+002  1.17224277936E+003  2.52422072660E+002  1.54186349769E+003
1340 8 1 157   5.00000000000E+002  5.00000000000E+002  1.19751579299E+003  2.52110119719E+002  1.51658704691E+003
1340 8 1 161   5.00000000000E+002  5.00000000000E+002  1.22278880662E+003  2.51806683406E+002  1.49131059612E+003
1340 8 1 165   5.00000000000E+002  5.00000000000E+002  1.24806182025E+003  2.51511672214E+002  1.46603414534E+003
1340 8 1 169   5.00000000000E+002  5.00000000000E+002  1.27333483388E+003  2.51224987472E+002  1.44075769456E+003
1340 8 1 173   5.00000000000E+002  5.00000000000E+002  1.29860784751E+003  2.50946524013E+002  1.41548124378E+003
1340 8 1 177   5.00000000000E+002  5.00000000000E+002  1.32388086115E+003  2.50676170795E+002  1.39020479300E+003
1340 8 1 181   5.00000000000E+002  5.00000000000E+002  1.34915387478E+003  2.50413811467E+002  1.36492834222E+003
1340 8 1 185   5.00000000000E+002  5.00000000000E+002  1.37442688841E+003  2.50159324909E+002  1.33965189143E+003
1340 8 1 189   5.00000000000E+002  5.00000000000E+002  1.39969990204E+003  2.49912585744E+002  1.31437544065E+003
1340 8 1 193   5.00000000000E+002  5.00000000000E+002  1.42497291567E+003  2.49673464837E+002  1.28909898987E+003
1340 8 1 197   5.00000000000E+002  5.00000000000E+002  1.45024592930E+003  2.49441829774E+002  1.26382253909E+003
1340 8 1 201   5.00000000000E+002  5.00000000000E+002  1.47551894294E+003  2.49217545355E+002  1.23854608831E+003
1340 8 1 205   5.00000000000E+002  5.00000000000E+002  1.50079195657E+003  2.49000474092E+002  1.21326963753E+003
1340 8 1 209   5.00000000000E+002  5.00000000000E+002  1.52606497020E+003  2.48790476732E+002  1.18799318674E+003
1340 8 1 213   5.00000000000E+002  5.00000000000E+002  1.55133798383E+003  2.48587412821E+002  1.16271673596E+003
1340 8 1 217   5.00000000000E+002  5.00000000000E+002  1.57661099746E+003  2.48391141320E+002  1.13744028518E+003
1340 8 1 221   5.00000000000E+002  5.00000000000E+002  1.60188401109E+003  2.48201521311E+002  1.11216383440E+003
1340 8 1 225   5.00000000000E+002  5.00000000000E+002  1.62715702473E+003  2.48018412802E+002  1.08688738362E+003
1340 8 1 229   5.00000000000E+002  5.00000000000E+002  1.65243003836E+003  2.47841677673E+002  1.06161093283E+003
1340 8 1 233   5.00000000000E+002  5.00000000000E+002  1.67770305199E+003  2.47671180808E+002  1.03633448205E+003
1340 8 1 237   5.00000000000E+002  5.00000000000E+002  1.70297606562E+003  2.47506791453E+002  1.01105803127E+003
1340 8 1 241   5.00000000000E+002  5.00000000000E+002  1.72824907925E+003  2.47348384855E+002  9.85781580489E+002
1340 8 1 245   5.00000000000E+002  5.00000000000E+002  1.75352209288E+003  2.47195844260E+002  9.60505129708E+002
1340 8 1 249   5.00000000000E+002  5.00000000000E+002  1.77879510651E+003  2.47049063335E+002  9.35228678926E+002
1340 8 1 253   5.00000000000E+002  5.00000000000E+002  1.80406812015E+003  2.46907949107E+002  9.09952228144E+002
1340 8 1 257   5.00000000000E+002  5.00000000000E+002  1.82934113378E+003  2.46772425516E+002  8.84675777362E+002
1340 8 1 261   5.00000000000E+002  5.00000000000E+002  1.85461414741E+003  2.46642437693E+002  8.59399326580E+002
1340 8 1 265   5.00000000000E+002  5.00000000000E+002  1.87988716104E+003  2.46517957072E+002  8.34122875799E+002
1340 8 1 269   5.00000000000E+002  5.00000000000E+002  1.90516017467E+003  2.46398987478E+002  8.08846425017E+002
1340 8 1 273   5.00000000000E+002  5.00000000000E+002  1.93043318830E+003  2.46285572295E+002  7.83569974235E+002
1340 8 1 277   5.00000000000E+002  5.00000000000E+002  1.95570620194E+003  2.46177802873E+002  7.58293523453E+002
1340 8 1 281   5.00000000000E+002  5.00000000000E+002  1.98097921557E+003  2.46075828270E+002  7.33017072672E+002
1340 8 1 285   5.00000000000E+002  5.00000000000E+002  2.00625222920E+003  2.45979866460E+002  7.07740621890E+002
1340 8 1 289   5.00000000000E+002  5.00000000000E+002  2.03152524283E+003  2.45890217099E+002  6.82464171108E+002
1340 8 1 293   5.00000000000E+002  5.00000000000E+002  2.05679825646E+003  2.45807275895E+002  6.57187720326E+002
1340 8 1 297   5.00000000000E+002  5.00000000000E+002  2.08207127009E+003  2.45731550626E+002  6.31911269544E+002
1340 8 1 301   5.00000000000E+002  5.00000000000E+002  2.10734428373E+003  2.45663678752E+002  6.06634818763E+002
1340 8 1 305   5.00000000000E+002  5.00000000000E+002  2.13261729736E+003  2.45604446538E+002  5.81358367981E+002
1340 8 1 309   5.00000000000E+002  5.00000000000E+002  2.15789031099E+003  2.45554809489E+002  5.56081917199E+002
1340 8 1 313   5.00000000000E+002  5.00000000000E+002  2.18316332462E+003  2.45515913825E+002  5.30805466417E+002
1340 8 1 317   5.00000000000E+002  5.00000000000E+002  2.20843633825E+003  2.45489118618E+002  5.05529015636E+002
1340 8 1 321   5.00000000000E+002  5.00000000000E+002  2.23370935188E+003  2.45476018077E+002  4.80252564854E+002
1340 8 1 325   5.00000000000E+002  5.00000000000E+002  2.25898236552E+003  2.45478463377E+002  4.54976114072E+002
1340 8 1 329   5.00000000000E+002  5.00000000000E+002  2.28425537915E+003  2.45498583320E+002  4.29699663290E+002
1340 8 1 333   5.00000000000E+002  5.00000000000E+002  2.30952839278E+003  2.45538803040E+002  4.04423212508E+002
1340 8 1 337   5.00000000000E+002  5.00000000000E+002  2.33480140641E+003  2.45601859920E+002  3.79146761727E+002
1340 8 1 341   5.00000000000E+002  5.00000000000E+002  2.36007442004E+003  2.45690815953E+002  3.53870310945E+002
1340 8 1 345   5.00000000000E+002  5.00000000000E+002  2.38534743367E+003  2.45809065891E+002  3.28593860163E+002
1340 8 1 349   5.00000000000E+002  5.00000000000E+002  2.41062044730E+003  2.45960340768E+002  3.03317409381E+002
1340 8 1 353   5.00000000000E+002  5.00000000000E+002  2.43589346094E+003  2.46148706772E+002  2.78040958600E+002
1340 8 1 357   5.00000000000E+002  5.00000000000E+002  2.46116647457E+003  2.46378559905E+002  2.52764507818E+002
1340 8 1 361   5.00000000000E+002  5.00000000000E+002  2.48643948820E+003  2.46654617426E+002  2.27488057036E+002
1340 8 1 365   5.00000000000E+002  5.00000000000E+002  2.51171250183E+003  2.46981907565E+002  2.02211606254E+002
1340 8 1 369   5.00000000000E+002  5.00000000000E+002  2.53698551546E+003  2.47365759347E+002  1.76935155472E+002
1340 8 1 373   5.00000000000E+002  5.00000000000E+002  2.56225852909E+003  2.47811794591E+002  1.51658704691E+002
1340 8 1 377   5.00000000000E+002  5.00000000000E+002  2.58753154273E+003  2.48325924649E+002  1.26382253909E+002
1340 8 1 381   5.00000000000E+002  5.00000000000E+002  2.61280455636E+003  2.48914357100E+002  1.01105803127E+002
1340 8 1 385   5.00000000000E+002  5.00000000000E+002  2.63807756999E+003  2.49583627622E+002  7.58293523453E+001
1340 8 1 389   5.00000000000E+002  5.00000000000E+002  2.66335058362E+003  2.50340698992E+002  5.05529015636E+001
1340 8 1 393   5.00000000000E+002  5.00000000000E+002  2.68862359725E+003  2.51193213794E+002  2.52764507818E+001
1340 8 1 397   5.00000000000E+002  5.00000000000E+002  2.71389661088E+003  2.52149999618E+002  0.00000000000E+000
