1 1 1 1   5.00000000000E+002  5.00000000000E+002  2.12026490080E+002  2.69351841987E+002  3.00000000000E+003
1 1 1 5   5.00000000000E+002  5.00000000000E+002  2.37296064621E+002  2.68899333999E+002  2.96969696970E+003
1 1 1 9   5.00000000000E+002  5.00000000000E+002  2.62565639163E+002  2.68440243319E+002  2.93939393939E+003
1 1 1 13   5.00000000000E+002  5.00000000000E+002  2.87835213704E+002  2.67969108924E+002  2.90909090909E+003
1 1 1 17   5.00000000000E+002  5.00000000000E+002  3.13104788246E+002  2.67488474705E+002  2.87878787879E+003
1 1 1 21   5.00000000000E+002  5.00000000000E+002  3.38374362787E+002  2.66999589504E+002  2.84848484848E+003
1 1 1 25   5.00000000000E+002  5.00000000000E+002  3.63643937329E+002  2.66503966829E+002  2.81818181818E+003
1 1 1 29   5.00000000000E+002  5.00000000000E+002  3.88913511870E+002  2.66002963710E+002  2.78787878788E+003
1 1 1 33   5.00000000000E+002  5.00000000000E+002  4.14183086412E+002  2.65497978386E+002  2.75757575758E+003
1 1 1 37   5.00000000000E+002  5.00000000000E+002  4.39452660953E+002  2.64990279053E+002  2.72727272727E+003
1 1 1 41   5.00000000000E+002  5.00000000000E+002  4.64722235495E+002  2.64481130181E+002  2.69696969697E+003
1 1 1 45   5.00000000000E+002  5.00000000000E+002  4.89991810036E+002  2.63971671076E+002  2.66666666667E+003
1 1 1 49   5.00000000000E+002  5.00000000000E+002  5.15261384578E+002  2.63463008862E+002  2.63636363636E+003
1 1 1 53   5.00000000000E+002  5.00000000000E+002  5.40530959119E+002  2.62956133048E+002  2.60606060606E+003
1 1 1 57   5.00000000000E+002  5.00000000000E+002  5.65800533661E+002  2.62451983777E+002  2.57575757576E+003
1 1 1 61   5.00000000000E+002  5.00000000000E+002  5.91070108202E+002  2.61951393936E+002  2.54545454545E+003
1 1 1 65   5.00000000000E+002  5.00000000000E+002  6.16339682744E+002  2.61455138873E+002  2.51515151515E+003
1 1 1 69   5.00000000000E+002  5.00000000000E+002  6.41609257285E+002  2.60963898972E+002  2.48484848485E+003
1 1 1 73   5.00000000000E+002  5.00000000000E+002  6.66878831827E+002  2.60478295596E+002  2.45454545455E+003
1 1 1 77   5.00000000000E+002  5.00000000000E+002  6.92148406368E+002  2.59998868323E+002  2.42424242424E+003
1 1 1 81   5.00000000000E+002  5.00000000000E+002  7.17417980910E+002  2.59526100716E+002  2.39393939394E+003
1 1 1 85   5.00000000000E+002  5.00000000000E+002  7.42687555451E+002  2.59060407632E+002  2.36363636364E+003
1 1 1 89   5.00000000000E+002  5.00000000000E+002  7.67957129993E+002  2.58602153546E+002  2.33333333333E+003
1 1 1 93   5.00000000000E+002  5.00000000000E+002  7.93226704535E+002  2.58151646429E+002  2.30303030303E+003
1 1 1 97   5.00000000000E+002  5.00000000000E+002  8.18496279076E+002  2.57709150667E+002  2.27272727273E+003
1 1 1 101   5.00000000000E+002  5.00000000000E+002  8.43765853618E+002  2.57274884961E+002  2.24242424242E+003
1 1 1 105   5.00000000000E+002  5.00000000000E+002  8.69035428159E+002  2.56849031376E+002  2.21212121212E+003
1 1 1 109   5.00000000000E+002  5.00000000000E+002  8.94305002701E+002  2.56431735483E+002  2.18181818182E+003
1 1 1 113   5.00000000000E+002  5.00000000000E+002  9.19574577242E+002  2.56023112669E+002  2.15151515152E+003
1 1 1 117   5.00000000000E+002  5.00000000000E+002  9.44844151784E+002  2.55623249367E+002  2.12121212121E+003
1 1 1 121   5.00000000000E+002  5.00000000000E+002  9.70113726325E+002  2.55232207461E+002  2.09090909091E+003
1 1 1 125   5.00000000000E+002  5.00000000000E+002  9.95383300867E+002  2.54850025895E+002  2.06060606061E+003
1 1 1 129   5.00000000000E+002  5.00000000000E+002  1.02065287541E+003  2.54476723763E+002  2.03030303030E+003
1 1 1 133   5.00000000000E+002  5.00000000000E+002  1.04592244995E+003  2.54112301923E+002  2.00000000000E+003
1 1 1 137   5.00000000000E+002  5.00000000000E+002  1.07119202449E+003  2.53756745193E+002  1.96969696970E+003
1 1 1 141   5.00000000000E+002  5.00000000000E+002  1.09646159903E+003  2.53410023786E+002  1.93939393939E+003
1 1 1 145   5.00000000000E+002  5.00000000000E+002  1.12173117357E+003  2.53072094908E+002  1.90909090909E+003
1 1 1 149   5.00000000000E+002  5.00000000000E+002  1.14700074812E+003  2.52742903958E+002  1.87878787879E+003
1 1 1 153   5.00000000000E+002  5.00000000000E+002  1.17227032266E+003  2.52422385726E+002  1.84848484848E+003
1 1 1 157   5.00000000000E+002  5.00000000000E+002  1.19753989720E+003  2.52110465374E+002  1.81818181818E+003
1 1 1 161   5.00000000000E+002  5.00000000000E+002  1.22280947174E+003  2.51807059361E+002  1.78787878788E+003
1 1 1 165   5.00000000000E+002  5.00000000000E+002  1.24807904628E+003  2.51512076242E+002  1.75757575758E+003
1 1 1 169   5.00000000000E+002  5.00000000000E+002  1.27334862082E+003  2.51225417413E+002  1.72727272727E+003
1 1 1 173   5.00000000000E+002  5.00000000000E+002  1.29861819536E+003  2.50946977772E+002  1.69696969697E+003
1 1 1 177   5.00000000000E+002  5.00000000000E+002  1.32388776991E+003  2.50676646342E+002  1.66666666667E+003
1 1 1 181   5.00000000000E+002  5.00000000000E+002  1.34915734445E+003  2.50414306839E+002  1.63636363636E+003
1 1 1 185   5.00000000000E+002  5.00000000000E+002  1.37442691899E+003  2.50159838211E+002  1.60606060606E+003
1 1 1 189   5.00000000000E+002  5.00000000000E+002  1.39969649353E+003  2.49913115151E+002  1.57575757576E+003
1 1 1 193   5.00000000000E+002  5.00000000000E+002  1.42496606807E+003  2.49674008590E+002  1.54545454545E+003
1 1 1 197   5.00000000000E+002  5.00000000000E+002  1.45023564261E+003  2.49442386189E+002  1.51515151515E+003
1 1 1 201   5.00000000000E+002  5.00000000000E+002  1.47550521716E+003  2.49218112821E+002  1.48484848485E+003
1 1 1 205   5.00000000000E+002  5.00000000000E+002  1.50077479170E+003  2.49001051075E+002  1.45454545455E+003
1 1 1 209   5.00000000000E+002  5.00000000000E+002  1.52604436624E+003  2.48791061778E+002  1.42424242424E+003
1 1 1 213   5.00000000000E+002  5.00000000000E+002  1.55131394078E+003  2.48588004558E+002  1.39393939394E+003
1 1 1 217   5.00000000000E+002  5.00000000000E+002  1.57658351532E+003  2.48391738468E+002  1.36363636364E+003
1 1 1 221   5.00000000000E+002  5.00000000000E+002  1.60185308986E+003  2.48202122687E+002  1.33333333333E+003
1 1 1 225   5.00000000000E+002  5.00000000000E+002  1.62712266440E+003  2.48019017325E+002  1.30303030303E+003
1 1 1 229   5.00000000000E+002  5.00000000000E+002  1.65239223895E+003  2.47842284380E+002  1.27272727273E+003
1 1 1 233   5.00000000000E+002  5.00000000000E+002  1.67766181349E+003  2.47671788865E+002  1.24242424242E+003
1 1 1 237   5.00000000000E+002  5.00000000000E+002  1.70293138803E+003  2.47507400168E+002  1.21212121212E+003
1 1 1 241   5.00000000000E+002  5.00000000000E+002  1.72820096257E+003  2.47348993702E+002  1.18181818182E+003
1 1 1 245   5.00000000000E+002  5.00000000000E+002  1.75347053711E+003  2.47196452898E+002  1.15151515152E+003
1 1 1 249   5.00000000000E+002  5.00000000000E+002  1.77874011165E+003  2.47049671641E+002  1.12121212121E+003
1 1 1 253   5.00000000000E+002  5.00000000000E+002  1.80400968620E+003  2.46908557195E+002  1.09090909091E+003
1 1 1 257   5.00000000000E+002  5.00000000000E+002  1.82927926074E+003  2.46773033799E+002  1.06060606061E+003
1 1 1 261   5.00000000000E+002  5.00000000000E+002  1.85454883528E+003  2.46643046878E+002  1.03030303030E+003
1 1 1 265   5.00000000000E+002  5.00000000000E+002  1.87981840982E+003  2.46518568279E+002  1.00000000000E+003
1 1 1 269   5.00000000000E+002  5.00000000000E+002  1.90508798436E+003  2.46399602177E+002  9.69696969697E+002
1 1 1 273   5.00000000000E+002  5.00000000000E+002  1.93035755890E+003  2.46286192528E+002  9.39393939394E+002
1 1 1 277   5.00000000000E+002  5.00000000000E+002  1.95562713344E+003  2.46178431058E+002  9.09090909091E+002
1 1 1 281   5.00000000000E+002  5.00000000000E+002  1.98089670799E+003  2.46076467617E+002  8.78787878788E+002
1 1 1 285   5.00000000000E+002  5.00000000000E+002  2.00616628253E+003  2.45980520504E+002  8.48484848485E+002
1 1 1 289   5.00000000000E+002  5.00000000000E+002  2.03143585707E+003  2.45890890482E+002  8.18181818182E+002
1 1 1 293   5.00000000000E+002  5.00000000000E+002  2.05670543161E+003  2.45807973367E+002  7.87878787879E+002
1 1 1 297   5.00000000000E+002  5.00000000000E+002  2.08197500615E+003  2.45732278501E+002  7.57575757576E+002
1 1 1 301   5.00000000000E+002  5.00000000000E+002  2.10724458069E+003  2.45664442938E+002  7.27272727273E+002
1 1 1 305   5.00000000000E+002  5.00000000000E+002  2.13251415524E+003  2.45605255178E+002  6.96969696970E+002
1 1 1 309   5.00000000000E+002  5.00000000000E+002  2.15778372978E+003  2.45555669308E+002  6.66666666667E+002
1 1 1 313   5.00000000000E+002  5.00000000000E+002  2.18305330432E+003  2.45516834805E+002  6.36363636364E+002
1 1 1 317   5.00000000000E+002  5.00000000000E+002  2.20832287886E+003  2.45490107526E+002  6.06060606061E+002
1 1 1 321   5.00000000000E+002  5.00000000000E+002  2.23359245340E+003  2.45477086504E+002  5.75757575758E+002
1 1 1 325   5.00000000000E+002  5.00000000000E+002  2.25886202794E+003  2.45479616728E+002  5.45454545455E+002
1 1 1 329   5.00000000000E+002  5.00000000000E+002  2.28413160248E+003  2.45499834298E+002  5.15151515152E+002
1 1 1 333   5.00000000000E+002  5.00000000000E+002  2.30940117703E+003  2.45540153478E+002  4.84848484848E+002
1 1 1 337   5.00000000000E+002  5.00000000000E+002  2.33467075157E+003  2.45603322898E+002  4.54545454545E+002
1 1 1 341   5.00000000000E+002  5.00000000000E+002  2.35994032611E+003  2.45692386619E+002  4.24242424242E+002
1 1 1 345   5.00000000000E+002  5.00000000000E+002  2.38520990065E+003  2.45810756959E+002  3.93939393939E+002
1 1 1 349   5.00000000000E+002  5.00000000000E+002  2.41047947519E+003  2.45962136729E+002  3.63636363636E+002
1 1 1 353   5.00000000000E+002  5.00000000000E+002  2.43574904973E+003  2.46150619723E+002  3.33333333333E+002
1 1 1 357   5.00000000000E+002  5.00000000000E+002  2.46101862427E+003  2.46380559084E+002  3.03030303030E+002
1 1 1 361   5.00000000000E+002  5.00000000000E+002  2.48628819882E+003  2.46656715333E+002  2.72727272727E+002
1 1 1 365   5.00000000000E+002  5.00000000000E+002  2.51155777336E+003  2.46984053237E+002  2.42424242424E+002
1 1 1 369   5.00000000000E+002  5.00000000000E+002  2.53682734790E+003  2.47367968736E+002  2.12121212121E+002
1 1 1 373   5.00000000000E+002  5.00000000000E+002  2.56209692244E+003  2.47813991177E+002  1.81818181818E+002
1 1 1 377   5.00000000000E+002  5.00000000000E+002  2.58736649698E+003  2.48328133682E+002  1.51515151515E+002
1 1 1 381   5.00000000000E+002  5.00000000000E+002  2.61263607152E+003  2.48916470789E+002  1.21212121212E+002
1 1 1 385   5.00000000000E+002  5.00000000000E+002  2.63790564607E+003  2.49585698439E+002  9.09090909091E+001
1 1 1 389   5.00000000000E+002  5.00000000000E+002  2.66317522061E+003  2.50342559268E+002  6.06060606061E+001
1 1 1 393   5.00000000000E+002  5.00000000000E+002  2.68844479515E+003  2.51195256134E+002  3.03030303030E+001
1 1 1 397   5.00000000000E+002  5.00000000000E+002  2.71371436969E+003  2.52150000000E+002  0.00000000000E+000
254 2 1 1   5.00000000000E+002  5.00000000000E+002  1.56950038267E+003  2.69817894619E+002  1.11119465777E+003
254 2 1 5   5.00000000000E+002  5.00000000000E+002  1.58069815835E+003  2.58940317556E+002  1.09997046931E+003
254 2 1 9   5.00000000000E+002  5.00000000000E+002  1.59189593403E+003  2.53876899898E+002  1.08874628084E+003
254 2 1 13   5.00000000000E+002  5.00000000000E+002  1.60309370971E+003  2.51299732620E+002  1.07752209238E+003
254 2 1 17   5.00000000000E+002  5.00000000000E+002  1.61429148539E+003  2.49907128231E+002  1.06629790392E+003
254 2 1 21   5.00000000000E+002  5.00000000000E+002  1.62548926108E+003  2.49114476608E+002  1.05507371546E+003
254 2 1 25   5.00000000000E+002  5.00000000000E+002  1.63668703676E+003  2.48638418488E+002  1.04384952699E+003
254 2 1 29   5.00000000000E+002  5.00000000000E+002  1.64788481244E+003  2.48334737348E+002  1.03262533853E+003
254 2 1 33   5.00000000000E+002  5.00000000000E+002  1.65908258812E+003  2.48127374430E+002  1.02140115007E+003
254 2 1 37   5.00000000000E+002  5.00000000000E+002  1.67028036380E+003  2.47975064204E+002  1.01017696161E+003
254 2 1 41   5.00000000000E+002  5.00000000000E+002  1.68147813948E+003  2.47854888183E+002  9.98952773145E+002
254 2 1 45   5.00000000000E+002  5.00000000000E+002  1.69267591516E+003  2.47753871190E+002  9.87728584683E+002
254 2 1 49   5.00000000000E+002  5.00000000000E+002  1.70387369084E+003  2.47664555621E+002  9.76504396221E+002
254 2 1 53   5.00000000000E+002  5.00000000000E+002  1.71507146652E+003  2.47582607333E+002  9.65280207758E+002
254 2 1 57   5.00000000000E+002  5.00000000000E+002  1.72626924220E+003  2.47505489056E+002  9.54056019296E+002
254 2 1 61   5.00000000000E+002  5.00000000000E+002  1.73746701788E+003  2.47431709799E+002  9.42831830834E+002
254 2 1 65   5.00000000000E+002  5.00000000000E+002  1.74866479356E+003  2.47360392775E+002  9.31607642372E+002
254 2 1 69   5.00000000000E+002  5.00000000000E+002  1.75986256924E+003  2.47291023413E+002  9.20383453909E+002
254 2 1 73   5.00000000000E+002  5.00000000000E+002  1.77106034492E+003  2.47223301108E+002  9.09159265447E+002
254 2 1 77   5.00000000000E+002  5.00000000000E+002  1.78225812060E+003  2.47157051590E+002  8.97935076985E+002
254 2 1 81   5.00000000000E+002  5.00000000000E+002  1.79345589628E+003  2.47092175090E+002  8.86710888522E+002
254 2 1 85   5.00000000000E+002  5.00000000000E+002  1.80465367196E+003  2.47028615760E+002  8.75486700060E+002
254 2 1 89   5.00000000000E+002  5.00000000000E+002  1.81585144764E+003  2.46966343731E+002  8.64262511598E+002
254 2 1 93   5.00000000000E+002  5.00000000000E+002  1.82704922332E+003  2.46905344676E+002  8.53038323135E+002
254 2 1 97   5.00000000000E+002  5.00000000000E+002  1.83824699900E+003  2.46845613823E+002  8.41814134673E+002
254 2 1 101   5.00000000000E+002  5.00000000000E+002  1.84944477468E+003  2.46787152566E+002  8.30589946211E+002
254 2 1 105   5.00000000000E+002  5.00000000000E+002  1.86064255036E+003  2.46729966602E+002  8.19365757749E+002
254 2 1 109   5.00000000000E+002  5.00000000000E+002  1.87184032604E+003  2.46674064954E+002  8.08141569286E+002
254 2 1 113   5.00000000000E+002  5.00000000000E+002  1.88303810172E+003  2.46619459488E+002  7.96917380824E+002
254 2 1 117   5.00000000000E+002  5.00000000000E+002  1.89423587740E+003  2.46566164731E+002  7.85693192362E+002
254 2 1 121   5.00000000000E+002  5.00000000000E+002  1.90543365308E+003  2.46514197841E+002  7.74469003899E+002
254 2 1 125   5.00000000000E+002  5.00000000000E+002  1.91663142876E+003  2.46463578682E+002  7.63244815437E+002
254 2 1 129   5.00000000000E+002  5.00000000000E+002  1.92782920444E+003  2.46414329942E+002  7.52020626975E+002
254 2 1 133   5.00000000000E+002  5.00000000000E+002  1.93902698012E+003  2.46366477294E+002  7.40796438512E+002
254 2 1 137   5.00000000000E+002  5.00000000000E+002  1.95022475580E+003  2.46320049574E+002  7.29572250050E+002
254 2 1 141   5.00000000000E+002  5.00000000000E+002  1.96142253148E+003  2.46275078971E+002  7.18348061588E+002
254 2 1 145   5.00000000000E+002  5.00000000000E+002  1.97262030717E+003  2.46231601232E+002  7.07123873125E+002
254 2 1 149   5.00000000000E+002  5.00000000000E+002  1.98381808285E+003  2.46189655873E+002  6.95899684663E+002
254 2 1 153   5.00000000000E+002  5.00000000000E+002  1.99501585853E+003  2.46149286405E+002  6.84675496201E+002
254 2 1 157   5.00000000000E+002  5.00000000000E+002  2.00621363421E+003  2.46110540554E+002  6.73451307739E+002
254 2 1 161   5.00000000000E+002  5.00000000000E+002  2.01741140989E+003  2.46073470504E+002  6.62227119276E+002
254 2 1 165   5.00000000000E+002  5.00000000000E+002  2.02860918557E+003  2.46038133132E+002  6.51002930814E+002
254 2 1 169   5.00000000000E+002  5.00000000000E+002  2.03980696125E+003  2.46004590254E+002  6.39778742352E+002
254 2 1 173   5.00000000000E+002  5.00000000000E+002  2.05100473693E+003  2.45972908881E+002  6.28554553889E+002
254 2 1 177   5.00000000000E+002  5.00000000000E+002  2.06220251261E+003  2.45943161469E+002  6.17330365427E+002
254 2 1 181   5.00000000000E+002  5.00000000000E+002  2.07340028829E+003  2.45915426183E+002  6.06106176965E+002
254 2 1 185   5.00000000000E+002  5.00000000000E+002  2.08459806397E+003  2.45889787154E+002  5.94881988502E+002
254 2 1 189   5.00000000000E+002  5.00000000000E+002  2.09579583965E+003  2.45866334744E+002  5.83657800040E+002
254 2 1 193   5.00000000000E+002  5.00000000000E+002  2.10699361533E+003  2.45845165813E+002  5.72433611578E+002
254 2 1 197   5.00000000000E+002  5.00000000000E+002  2.11819139101E+003  2.45826383980E+002  5.61209423115E+002
254 2 1 201   5.00000000000E+002  5.00000000000E+002  2.12938916669E+003  2.45810099886E+002  5.49985234653E+002
254 2 1 205   5.00000000000E+002  5.00000000000E+002  2.14058694237E+003  2.45796431458E+002  5.38761046191E+002
254 2 1 209   5.00000000000E+002  5.00000000000E+002  2.15178471805E+003  2.45785504160E+002  5.27536857729E+002
254 2 1 213   5.00000000000E+002  5.00000000000E+002  2.16298249373E+003  2.45777451251E+002  5.16312669266E+002
254 2 1 217   5.00000000000E+002  5.00000000000E+002  2.17418026941E+003  2.45772414027E+002  5.05088480804E+002
254 2 1 221   5.00000000000E+002  5.00000000000E+002  2.18537804509E+003  2.45770542056E+002  4.93864292342E+002
254 2 1 225   5.00000000000E+002  5.00000000000E+002  2.19657582077E+003  2.45771993408E+002  4.82640103879E+002
254 2 1 229   5.00000000000E+002  5.00000000000E+002  2.20777359645E+003  2.45776934870E+002  4.71415915417E+002
254 2 1 233   5.00000000000E+002  5.00000000000E+002  2.21897137213E+003  2.45785542148E+002  4.60191726955E+002
254 2 1 237   5.00000000000E+002  5.00000000000E+002  2.23016914781E+003  2.45798000055E+002  4.48967538492E+002
254 2 1 241   5.00000000000E+002  5.00000000000E+002  2.24136692349E+003  2.45814502676E+002  4.37743350030E+002
254 2 1 245   5.00000000000E+002  5.00000000000E+002  2.25256469917E+003  2.45835253522E+002  4.26519161568E+002
254 2 1 249   5.00000000000E+002  5.00000000000E+002  2.26376247485E+003  2.45860465658E+002  4.15294973105E+002
254 2 1 253   5.00000000000E+002  5.00000000000E+002  2.27496025053E+003  2.45890361802E+002  4.04070784643E+002
254 2 1 257   5.00000000000E+002  5.00000000000E+002  2.28615802621E+003  2.45925174405E+002  3.92846596181E+002
254 2 1 261   5.00000000000E+002  5.00000000000E+002  2.29735580189E+003  2.45965145697E+002  3.81622407719E+002
254 2 1 265   5.00000000000E+002  5.00000000000E+002  2.30855357757E+003  2.46010527700E+002  3.70398219256E+002
254 2 1 269   5.00000000000E+002  5.00000000000E+002  2.31975135326E+003  2.46061582211E+002  3.59174030794E+002
254 2 1 273   5.00000000000E+002  5.00000000000E+002  2.33094912894E+003  2.46118580740E+002  3.47949842332E+002
254 2 1 277   5.00000000000E+002  5.00000000000E+002  2.34214690462E+003  2.46181804415E+002  3.36725653869E+002
254 2 1 281   5.00000000000E+002  5.00000000000E+002  2.35334468030E+003  2.46251543840E+002  3.25501465407E+002
254 2 1 285   5.00000000000E+002  5.00000000000E+002  2.36454245598E+003  2.46328098910E+002  3.14277276945E+002
254 2 1 289   5.00000000000E+002  5.00000000000E+002  2.37574023166E+003  2.46411778571E+002  3.03053088482E+002
254 2 1 293   5.00000000000E+002  5.00000000000E+002  2.38693800734E+003  2.46502900546E+002  2.91828900020E+002
254 2 1 297   5.00000000000E+002  5.00000000000E+002  2.39813578302E+003  2.46601790989E+002  2.80604711558E+002
254 2 1 301   5.00000000000E+002  5.00000000000E+002  2.40933355870E+003  2.46708784103E+002  2.69380523095E+002
254 2 1 305   5.00000000000E+002  5.00000000000E+002  2.42053133438E+003  2.46824221694E+002  2.58156334633E+002
254 2 1 309   5.00000000000E+002  5.00000000000E+002  2.43172911006E+003  2.46948452672E+002  2.46932146171E+002
254 2 1 313   5.00000000000E+002  5.00000000000E+002  2.44292688574E+003  2.47081832498E+002  2.35707957709E+002
254 2 1 317   5.00000000000E+002  5.00000000000E+002  2.45412466142E+003  2.47224722568E+002  2.24483769246E+002
254 2 1 321   5.00000000000E+002  5.00000000000E+002  2.46532243710E+003  2.47377489547E+002  2.13259580784E+002
254 2 1 325   5.00000000000E+002  5.00000000000E+002  2.47652021278E+003  2.47540504639E+002  2.02035392322E+002
254 2 1 329   5.00000000000E+002  5.00000000000E+002  2.48771798846E+003  2.47714142800E+002  1.90811203859E+002
254 2 1 333   5.00000000000E+002  5.00000000000E+002  2.49891576414E+003  2.47898781887E+002  1.79587015397E+002
254 2 1 337   5.00000000000E+002  5.00000000000E+002  2.51011353982E+003  2.48094801740E+002  1.68362826935E+002
254 2 1 341   5.00000000000E+002  5.00000000000E+002  2.52131131550E+003  2.48302583193E+002  1.57138638472E+002
254 2 1 345   5.00000000000E+002  5.00000000000E+002  2.53250909118E+003  2.48522507008E+002  1.45914450010E+002
254 2 1 349   5.00000000000E+002  5.00000000000E+002  2.54370686686E+003  2.48754952711E+002  1.34690261548E+002
254 2 1 353   5.00000000000E+002  5.00000000000E+002  2.55490464254E+003  2.49000297331E+002  1.23466073085E+002
254 2 1 357   5.00000000000E+002  5.00000000000E+002  2.56610241822E+003  2.49258914007E+002  1.12241884623E+002
254 2 1 361   5.00000000000E+002  5.00000000000E+002  2.57730019390E+003  2.49531170461E+002  1.01017696161E+002
254 2 1 365   5.00000000000E+002  5.00000000000E+002  2.58849796958E+003  2.49817427286E+002  8.97935076985E+001
254 2 1 369   5.00000000000E+002  5.00000000000E+002  2.59969574526E+003  2.50118036044E+002  7.85693192362E+001
254 2 1 373   5.00000000000E+002  5.00000000000E+002  2.61089352094E+003  2.50433337119E+002  6.73451307739E+001
254 2 1 377   5.00000000000E+002  5.00000000000E+002  2.62209129662E+003  2.50763657310E+002  5.61209423115E+001
254 2 1 381   5.00000000000E+002  5.00000000000E+002  2.63328907230E+003  2.51109307104E+002  4.48967538492E+001
254 2 1 385   5.00000000000E+002  5.00000000000E+002  2.64448684798E+003  2.51470577622E+002  3.36725653869E+001
254 2 1 389   5.00000000000E+002  5.00000000000E+002  2.65568462367E+003  2.51847737187E+002  2.24483769246E+001
254 2 1 393   5.00000000000E+002  5.00000000000E+002  2.66688239935E+003  2.52241027513E+002  1.12241884623E+001
254 2 1 397   5.00000000000E+002  5.00000000000E+002  2.67808017503E+003  2.52650659504E+002  0.00000000000E+000
507 3 1 1   5.00000000000E+002  5.00000000000E+002  1.84366023104E+003  2.70283947251E+002  8.03864209040E+002
507 3 1 5   5.00000000000E+002  5.00000000000E+002  1.85177463661E+003  2.68016118183E+002  7.95744368545E+002
507 3 1 9   5.00000000000E+002  5.00000000000E+002  1.85988904218E+003  2.65957460580E+002  7.87624528050E+002
507 3 1 13   5.00000000000E+002  5.00000000000E+002  1.86800344776E+003  2.64079770185E+002  7.79504687554E+002
507 3 1 17   5.00000000000E+002  5.00000000000E+002  1.87611785333E+003  2.62360963772E+002  7.71384847059E+002
507 3 1 21   5.00000000000E+002  5.00000000000E+002  1.88423225890E+003  2.60783728733E+002  7.63265006564E+002
507 3 1 25   5.00000000000E+002  5.00000000000E+002  1.89234666448E+003  2.59334394099E+002  7.55145166068E+002
507 3 1 29   5.00000000000E+002  5.00000000000E+002  1.90046107005E+003  2.58002013837E+002  7.47025325573E+002
507 3 1 33   5.00000000000E+002  5.00000000000E+002  1.90857547563E+003  2.56777640206E+002  7.38905485078E+002
507 3 1 37   5.00000000000E+002  5.00000000000E+002  1.91668988120E+003  2.55653760402E+002  7.30785644582E+002
507 3 1 41   5.00000000000E+002  5.00000000000E+002  1.92480428677E+003  2.54623869463E+002  7.22665804087E+002
507 3 1 45   5.00000000000E+002  5.00000000000E+002  1.93291869235E+003  2.53682154326E+002  7.14545963591E+002
507 3 1 49   5.00000000000E+002  5.00000000000E+002  1.94103309792E+003  2.52823266802E+002  7.06426123096E+002
507 3 1 53   5.00000000000E+002  5.00000000000E+002  1.94914750349E+003  2.52042166350E+002  6.98306282601E+002
507 3 1 57   5.00000000000E+002  5.00000000000E+002  1.95726190907E+003  2.51334016655E+002  6.90186442105E+002
507 3 1 61   5.00000000000E+002  5.00000000000E+002  1.96537631464E+003  2.50694122810E+002  6.82066601610E+002
507 3 1 65   5.00000000000E+002  5.00000000000E+002  1.97349072021E+003  2.50117898411E+002  6.73946761115E+002
507 3 1 69   5.00000000000E+002  5.00000000000E+002  1.98160512579E+003  2.49600854023E+002  6.65826920619E+002
507 3 1 73   5.00000000000E+002  5.00000000000E+002  1.98971953136E+003  2.49138600246E+002  6.57707080124E+002
507 3 1 77   5.00000000000E+002  5.00000000000E+002  1.99783393693E+003  2.48726860134E+002  6.49587239629E+002
507 3 1 81   5.00000000000E+002  5.00000000000E+002  2.00594834251E+003  2.48361486904E+002  6.41467399133E+002
507 3 1 85   5.00000000000E+002  5.00000000000E+002  2.01406274808E+003  2.48038483891E+002  6.33347558638E+002
507 3 1 89   5.00000000000E+002  5.00000000000E+002  2.02217715365E+003  2.47754024499E+002  6.25227718143E+002
507 3 1 93   5.00000000000E+002  5.00000000000E+002  2.03029155923E+003  2.47504470544E+002  6.17107877647E+002
507 3 1 97   5.00000000000E+002  5.00000000000E+002  2.03840596480E+003  2.47286387903E+002  6.08988037152E+002
507 3 1 101   5.00000000000E+002  5.00000000000E+002  2.04652037037E+003  2.47096558808E+002  6.00868196657E+002
507 3 1 105   5.00000000000E+002  5.00000000000E+002  2.05463477595E+003  2.46931990439E+002  5.92748356161E+002
507 3 1 109   5.00000000000E+002  5.00000000000E+002  2.06274918152E+003  2.46789919743E+002  5.84628515666E+002
507 3 1 113   5.00000000000E+002  5.00000000000E+002  2.07086358709E+003  2.46667814583E+002  5.76508675171E+002
507 3 1 117   5.00000000000E+002  5.00000000000E+002  2.07897799267E+003  2.46563371497E+002  5.68388834675E+002
507 3 1 121   5.00000000000E+002  5.00000000000E+002  2.08709239824E+003  2.46474510409E+002  5.60268994180E+002
507 3 1 125   5.00000000000E+002  5.00000000000E+002  2.09520680382E+003  2.46399366748E+002  5.52149153684E+002
507 3 1 129   5.00000000000E+002  5.00000000000E+002  2.10332120939E+003  2.46336281416E+002  5.44029313189E+002
507 3 1 133   5.00000000000E+002  5.00000000000E+002  2.11143561496E+003  2.46283789091E+002  5.35909472694E+002
507 3 1 137   5.00000000000E+002  5.00000000000E+002  2.11955002054E+003  2.46240605331E+002  5.27789632198E+002
507 3 1 141   5.00000000000E+002  5.00000000000E+002  2.12766442611E+003  2.46205612892E+002  5.19669791703E+002
507 3 1 145   5.00000000000E+002  5.00000000000E+002  2.13577883168E+003  2.46177847675E+002  5.11549951208E+002
507 3 1 149   5.00000000000E+002  5.00000000000E+002  2.14389323726E+003  2.46156484629E+002  5.03430110712E+002
507 3 1 153   5.00000000000E+002  5.00000000000E+002  2.15200764283E+003  2.46140823907E+002  4.95310270217E+002
507 3 1 157   5.00000000000E+002  5.00000000000E+002  2.16012204840E+003  2.46130277513E+002  4.87190429722E+002
507 3 1 161   5.00000000000E+002  5.00000000000E+002  2.16823645398E+003  2.46124356629E+002  4.79070589226E+002
507 3 1 165   5.00000000000E+002  5.00000000000E+002  2.17635085955E+003  2.46122659740E+002  4.70950748731E+002
507 3 1 169   5.00000000000E+002  5.00000000000E+002  2.18446526512E+003  2.46124861673E+002  4.62830908236E+002
507 3 1 173   5.00000000000E+002  5.00000000000E+002  2.19257967070E+003  2.46130703575E+002  4.54711067740E+002
507 3 1 177   5.00000000000E+002  5.00000000000E+002  2.20069407627E+003  2.46139983864E+002  4.46591227245E+002
507 3 1 181   5.00000000000E+002  5.00000000000E+002  2.20880848184E+003  2.46152550135E+002  4.38471386749E+002
507 3 1 185   5.00000000000E+002  5.00000000000E+002  2.21692288742E+003  2.46168291988E+002  4.30351546254E+002
507 3 1 189   5.00000000000E+002  5.00000000000E+002  2.22503729299E+003  2.46187134736E+002  4.22231705759E+002
507 3 1 193   5.00000000000E+002  5.00000000000E+002  2.23315169856E+003  2.46209033918E+002  4.14111865263E+002
507 3 1 197   5.00000000000E+002  5.00000000000E+002  2.24126610414E+003  2.46233970571E+002  4.05992024768E+002
507 3 1 201   5.00000000000E+002  5.00000000000E+002  2.24938050971E+003  2.46261947162E+002  3.97872184273E+002
507 3 1 205   5.00000000000E+002  5.00000000000E+002  2.25749491528E+003  2.46292984139E+002  3.89752343777E+002
507 3 1 209   5.00000000000E+002  5.00000000000E+002  2.26560932086E+003  2.46327117006E+002  3.81632503282E+002
507 3 1 213   5.00000000000E+002  5.00000000000E+002  2.27372372643E+003  2.46364393863E+002  3.73512662787E+002
507 3 1 217   5.00000000000E+002  5.00000000000E+002  2.28183813201E+003  2.46404873355E+002  3.65392822291E+002
507 3 1 221   5.00000000000E+002  5.00000000000E+002  2.28995253758E+003  2.46448622962E+002  3.57272981796E+002
507 3 1 225   5.00000000000E+002  5.00000000000E+002  2.29806694315E+003  2.46495717583E+002  3.49153141300E+002
507 3 1 229   5.00000000000E+002  5.00000000000E+002  2.30618134873E+003  2.46546238364E+002  3.41033300805E+002
507 3 1 233   5.00000000000E+002  5.00000000000E+002  2.31429575430E+003  2.46600271739E+002  3.32913460310E+002
507 3 1 237   5.00000000000E+002  5.00000000000E+002  2.32241015987E+003  2.46657908634E+002  3.24793619814E+002
507 3 1 241   5.00000000000E+002  5.00000000000E+002  2.33052456545E+003  2.46719243811E+002  3.16673779319E+002
507 3 1 245   5.00000000000E+002  5.00000000000E+002  2.33863897102E+003  2.46784375328E+002  3.08553938824E+002
507 3 1 249   5.00000000000E+002  5.00000000000E+002  2.34675337659E+003  2.46853404091E+002  3.00434098328E+002
507 3 1 253   5.00000000000E+002  5.00000000000E+002  2.35486778217E+003  2.46926433473E+002  2.92314257833E+002
507 3 1 257   5.00000000000E+002  5.00000000000E+002  2.36298218774E+003  2.47003568991E+002  2.84194417338E+002
507 3 1 261   5.00000000000E+002  5.00000000000E+002  2.37109659331E+003  2.47084918035E+002  2.76074576842E+002
507 3 1 265   5.00000000000E+002  5.00000000000E+002  2.37921099889E+003  2.47170589619E+002  2.67954736347E+002
507 3 1 269   5.00000000000E+002  5.00000000000E+002  2.38732540446E+003  2.47260694164E+002  2.59834895852E+002
507 3 1 273   5.00000000000E+002  5.00000000000E+002  2.39543981003E+003  2.47355343300E+002  2.51715055356E+002
507 3 1 277   5.00000000000E+002  5.00000000000E+002  2.40355421561E+003  2.47454649677E+002  2.43595214861E+002
507 3 1 281   5.00000000000E+002  5.00000000000E+002  2.41166862118E+003  2.47558726791E+002  2.35475374365E+002
507 3 1 285   5.00000000000E+002  5.00000000000E+002  2.41978302675E+003  2.47667688803E+002  2.27355533870E+002
507 3 1 289   5.00000000000E+002  5.00000000000E+002  2.42789743233E+003  2.47781650379E+002  2.19235693375E+002
507 3 1 293   5.00000000000E+002  5.00000000000E+002  2.43601183790E+003  2.47900726516E+002  2.11115852879E+002
507 3 1 297   5.00000000000E+002  5.00000000000E+002  2.44412624347E+003  2.48025032370E+002  2.02996012384E+002
507 3 1 301   5.00000000000E+002  5.00000000000E+002  2.45224064905E+003  2.48154683092E+002  1.94876171889E+002
507 3 1 305   5.00000000000E+002  5.00000000000E+002  2.46035505462E+003  2.48289793650E+002  1.86756331393E+002
507 3 1 309   5.00000000000E+002  5.00000000000E+002  2.46846946020E+003  2.48430478656E+002  1.78636490898E+002
507 3 1 313   5.00000000000E+002  5.00000000000E+002  2.47658386577E+003  2.48576852185E+002  1.70516650403E+002
507 3 1 317   5.00000000000E+002  5.00000000000E+002  2.48469827134E+003  2.48729027600E+002  1.62396809907E+002
507 3 1 321   5.00000000000E+002  5.00000000000E+002  2.49281267692E+003  2.48887117363E+002  1.54276969412E+002
507 3 1 325   5.00000000000E+002  5.00000000000E+002  2.50092708249E+003  2.49051232856E+002  1.46157128916E+002
507 3 1 329   5.00000000000E+002  5.00000000000E+002  2.50904148806E+003  2.49221484188E+002  1.38037288421E+002
507 3 1 333   5.00000000000E+002  5.00000000000E+002  2.51715589364E+003  2.49397980013E+002  1.29917447926E+002
507 3 1 337   5.00000000000E+002  5.00000000000E+002  2.52527029921E+003  2.49580827337E+002  1.21797607430E+002
507 3 1 341   5.00000000000E+002  5.00000000000E+002  2.53338470478E+003  2.49770131334E+002  1.13677766935E+002
507 3 1 345   5.00000000000E+002  5.00000000000E+002  2.54149911036E+003  2.49965995154E+002  1.05557926440E+002
507 3 1 349   5.00000000000E+002  5.00000000000E+002  2.54961351593E+003  2.50168519736E+002  9.74380859443E+001
507 3 1 353   5.00000000000E+002  5.00000000000E+002  2.55772792150E+003  2.50377803630E+002  8.93182454490E+001
507 3 1 357   5.00000000000E+002  5.00000000000E+002  2.56584232708E+003  2.50593942810E+002  8.11984049536E+001
507 3 1 361   5.00000000000E+002  5.00000000000E+002  2.57395673265E+003  2.50817030499E+002  7.30785644582E+001
507 3 1 365   5.00000000000E+002  5.00000000000E+002  2.58207113822E+003  2.51047157003E+002  6.49587239629E+001
507 3 1 369   5.00000000000E+002  5.00000000000E+002  2.59018554380E+003  2.51284409543E+002  5.68388834675E+001
507 3 1 373   5.00000000000E+002  5.00000000000E+002  2.59829994937E+003  2.51528872103E+002  4.87190429722E+001
507 3 1 377   5.00000000000E+002  5.00000000000E+002  2.60641435494E+003  2.51780625286E+002  4.05992024768E+001
507 3 1 381   5.00000000000E+002  5.00000000000E+002  2.61452876052E+003  2.52039746177E+002  3.24793619814E+001
507 3 1 385   5.00000000000E+002  5.00000000000E+002  2.62264316609E+003  2.52306308227E+002  2.43595214861E+001
507 3 1 389   5.00000000000E+002  5.00000000000E+002  2.63075757166E+003  2.52580381142E+002  1.62396809907E+001
507 3 1 393   5.00000000000E+002  5.00000000000E+002  2.63887197724E+003  2.52862030792E+002  8.11984049536E+000
507 3 1 397   5.00000000000E+002  5.00000000000E+002  2.64698638281E+003  2.53151319135E+002  0.00000000000E+000
760 4 1 1   5.00000000000E+002  5.00000000000E+002  1.89962101558E+003  2.70749999882E+002  7.19169020336E+002
760 4 1 5   5.00000000000E+002  5.00000000000E+002  1.90687894236E+003  2.69302989453E+002  7.11904686797E+002
760 4 1 9   5.00000000000E+002  5.00000000000E+002  1.91413686914E+003  2.67963324453E+002  7.04640353258E+002
760 4 1 13   5.00000000000E+002  5.00000000000E+002  1.92139479592E+003  2.66696142501E+002  6.97376019720E+002
760 4 1 17   5.00000000000E+002  5.00000000000E+002  1.92865272270E+003  2.65485724202E+002  6.90111686181E+002
760 4 1 21   5.00000000000E+002  5.00000000000E+002  1.93591064948E+003  2.64326212660E+002  6.82847352642E+002
760 4 1 25   5.00000000000E+002  5.00000000000E+002  1.94316857626E+003  2.63216396996E+002  6.75583019103E+002
760 4 1 29   5.00000000000E+002  5.00000000000E+002  1.95042650304E+003  2.62156845526E+002  6.68318685565E+002
760 4 1 33   5.00000000000E+002  5.00000000000E+002  1.95768442982E+003  2.61148419384E+002  6.61054352026E+002
760 4 1 37   5.00000000000E+002  5.00000000000E+002  1.96494235660E+003  2.60191582444E+002  6.53790018487E+002
760 4 1 41   5.00000000000E+002  5.00000000000E+002  1.97220028338E+003  2.59286153880E+002  6.46525684948E+002
760 4 1 45   5.00000000000E+002  5.00000000000E+002  1.97945821016E+003  2.58431293391E+002  6.39261351410E+002
760 4 1 49   5.00000000000E+002  5.00000000000E+002  1.98671613695E+003  2.57625597244E+002  6.31997017871E+002
760 4 1 53   5.00000000000E+002  5.00000000000E+002  1.99397406373E+003  2.56867236153E+002  6.24732684332E+002
760 4 1 57   5.00000000000E+002  5.00000000000E+002  2.00123199051E+003  2.56154097405E+002  6.17468350794E+002
760 4 1 61   5.00000000000E+002  5.00000000000E+002  2.00848991729E+003  2.55483912158E+002  6.10204017255E+002
760 4 1 65   5.00000000000E+002  5.00000000000E+002  2.01574784407E+003  2.54854359765E+002  6.02939683716E+002
760 4 1 69   5.00000000000E+002  5.00000000000E+002  2.02300577085E+003  2.54263147222E+002  5.95675350177E+002
760 4 1 73   5.00000000000E+002  5.00000000000E+002  2.03026369763E+003  2.53708065266E+002  5.88411016639E+002
760 4 1 77   5.00000000000E+002  5.00000000000E+002  2.03752162441E+003  2.53187024357E+002  5.81146683100E+002
760 4 1 81   5.00000000000E+002  5.00000000000E+002  2.04477955119E+003  2.52698074367E+002  5.73882349561E+002
760 4 1 85   5.00000000000E+002  5.00000000000E+002  2.05203747797E+003  2.52239411808E+002  5.66618016022E+002
760 4 1 89   5.00000000000E+002  5.00000000000E+002  2.05929540475E+003  2.51809378077E+002  5.59353682484E+002
760 4 1 93   5.00000000000E+002  5.00000000000E+002  2.06655333153E+003  2.51406451660E+002  5.52089348945E+002
760 4 1 97   5.00000000000E+002  5.00000000000E+002  2.07381125831E+003  2.51029236710E+002  5.44825015406E+002
760 4 1 101   5.00000000000E+002  5.00000000000E+002  2.08106918509E+003  2.50676449806E+002  5.37560681867E+002
760 4 1 105   5.00000000000E+002  5.00000000000E+002  2.08832711187E+003  2.50346906276E+002  5.30296348329E+002
760 4 1 109   5.00000000000E+002  5.00000000000E+002  2.09558503865E+003  2.50039506996E+002  5.23032014790E+002
760 4 1 113   5.00000000000E+002  5.00000000000E+002  2.10284296543E+003  2.49753226284E+002  5.15767681251E+002
760 4 1 117   5.00000000000E+002  5.00000000000E+002  2.11010089222E+003  2.49487101206E+002  5.08503347712E+002
760 4 1 121   5.00000000000E+002  5.00000000000E+002  2.11735881900E+003  2.49240222458E+002  5.01239014174E+002
760 4 1 125   5.00000000000E+002  5.00000000000E+002  2.12461674578E+003  2.49011726811E+002  4.93974680635E+002
760 4 1 129   5.00000000000E+002  5.00000000000E+002  2.13187467256E+003  2.48800791040E+002  4.86710347096E+002
760 4 1 133   5.00000000000E+002  5.00000000000E+002  2.13913259934E+003  2.48606627200E+002  4.79446013557E+002
760 4 1 137   5.00000000000E+002  5.00000000000E+002  2.14639052612E+003  2.48428479050E+002  4.72181680019E+002
760 4 1 141   5.00000000000E+002  5.00000000000E+002  2.15364845290E+003  2.48265619480E+002  4.64917346480E+002
760 4 1 145   5.00000000000E+002  5.00000000000E+002  2.16090637968E+003  2.48117348719E+002  4.57653012941E+002
760 4 1 149   5.00000000000E+002  5.00000000000E+002  2.16816430646E+003  2.47982993194E+002  4.50388679402E+002
760 4 1 153   5.00000000000E+002  5.00000000000E+002  2.17542223324E+003  2.47861904861E+002  4.43124345864E+002
760 4 1 157   5.00000000000E+002  5.00000000000E+002  2.18268016002E+003  2.47753460894E+002  4.35860012325E+002
760 4 1 161   5.00000000000E+002  5.00000000000E+002  2.18993808680E+003  2.47657063614E+002  4.28595678786E+002
760 4 1 165   5.00000000000E+002  5.00000000000E+002  2.19719601358E+003  2.47572140568E+002  4.21331345247E+002
760 4 1 169   5.00000000000E+002  5.00000000000E+002  2.20445394036E+003  2.47498144680E+002  4.14067011709E+002
760 4 1 173   5.00000000000E+002  5.00000000000E+002  2.21171186714E+003  2.47434554425E+002  4.06802678170E+002
760 4 1 177   5.00000000000E+002  5.00000000000E+002  2.21896979392E+003  2.47380873977E+002  3.99538344631E+002
760 4 1 181   5.00000000000E+002  5.00000000000E+002  2.22622772070E+003  2.47336633290E+002  3.92274011092E+002
760 4 1 185   5.00000000000E+002  5.00000000000E+002  2.23348564749E+003  2.47301388116E+002  3.85009677554E+002
760 4 1 189   5.00000000000E+002  5.00000000000E+002  2.24074357427E+003  2.47274719910E+002  3.77745344015E+002
760 4 1 193   5.00000000000E+002  5.00000000000E+002  2.24800150105E+003  2.47256235652E+002  3.70481010476E+002
760 4 1 197   5.00000000000E+002  5.00000000000E+002  2.25525942783E+003  2.47245567555E+002  3.63216676937E+002
760 4 1 201   5.00000000000E+002  5.00000000000E+002  2.26251735461E+003  2.47242372678E+002  3.55952343399E+002
760 4 1 205   5.00000000000E+002  5.00000000000E+002  2.26977528139E+003  2.47246332440E+002  3.48688009860E+002
760 4 1 209   5.00000000000E+002  5.00000000000E+002  2.27703320817E+003  2.47257152053E+002  3.41423676321E+002
760 4 1 213   5.00000000000E+002  5.00000000000E+002  2.28429113495E+003  2.47274559866E+002  3.34159342782E+002
760 4 1 217   5.00000000000E+002  5.00000000000E+002  2.29154906173E+003  2.47298306646E+002  3.26895009244E+002
760 4 1 221   5.00000000000E+002  5.00000000000E+002  2.29880698851E+003  2.47328164801E+002  3.19630675705E+002
760 4 1 225   5.00000000000E+002  5.00000000000E+002  2.30606491529E+003  2.47363927544E+002  3.12366342166E+002
760 4 1 229   5.00000000000E+002  5.00000000000E+002  2.31332284207E+003  2.47405408031E+002  3.05102008627E+002
760 4 1 233   5.00000000000E+002  5.00000000000E+002  2.32058076885E+003  2.47452438455E+002  2.97837675089E+002
760 4 1 237   5.00000000000E+002  5.00000000000E+002  2.32783869563E+003  2.47504869132E+002  2.90573341550E+002
760 4 1 241   5.00000000000E+002  5.00000000000E+002  2.33509662241E+003  2.47562567565E+002  2.83309008011E+002
760 4 1 245   5.00000000000E+002  5.00000000000E+002  2.34235454919E+003  2.47625417509E+002  2.76044674472E+002
760 4 1 249   5.00000000000E+002  5.00000000000E+002  2.34961247598E+003  2.47693318032E+002  2.68780340934E+002
760 4 1 253   5.00000000000E+002  5.00000000000E+002  2.35687040276E+003  2.47766182594E+002  2.61516007395E+002
760 4 1 257   5.00000000000E+002  5.00000000000E+002  2.36412832954E+003  2.47843938128E+002  2.54251673856E+002
760 4 1 261   5.00000000000E+002  5.00000000000E+002  2.37138625632E+003  2.47926524149E+002  2.46987340317E+002
760 4 1 265   5.00000000000E+002  5.00000000000E+002  2.37864418310E+003  2.48013891880E+002  2.39723006779E+002
760 4 1 269   5.00000000000E+002  5.00000000000E+002  2.38590210988E+003  2.48106003404E+002  2.32458673240E+002
760 4 1 273   5.00000000000E+002  5.00000000000E+002  2.39316003666E+003  2.48202830847E+002  2.25194339701E+002
760 4 1 277   5.00000000000E+002  5.00000000000E+002  2.40041796344E+003  2.48304355585E+002  2.17930006163E+002
760 4 1 281   5.00000000000E+002  5.00000000000E+002  2.40767589022E+003  2.48410567493E+002  2.10665672624E+002
760 4 1 285   5.00000000000E+002  5.00000000000E+002  2.41493381700E+003  2.48521464214E+002  2.03401339085E+002
760 4 1 289   5.00000000000E+002  5.00000000000E+002  2.42219174378E+003  2.48637050472E+002  1.96137005546E+002
760 4 1 293   5.00000000000E+002  5.00000000000E+002  2.42944967056E+003  2.48757337410E+002  1.88872672008E+002
760 4 1 297   5.00000000000E+002  5.00000000000E+002  2.43670759734E+003  2.48882341970E+002  1.81608338469E+002
760 4 1 301   5.00000000000E+002  5.00000000000E+002  2.44396552412E+003  2.49012086298E+002  1.74344004930E+002
760 4 1 305   5.00000000000E+002  5.00000000000E+002  2.45122345090E+003  2.49146597186E+002  1.67079671391E+002
760 4 1 309   5.00000000000E+002  5.00000000000E+002  2.45848137768E+003  2.49285905541E+002  1.59815337853E+002
760 4 1 313   5.00000000000E+002  5.00000000000E+002  2.46573930446E+003  2.49430045890E+002  1.52551004314E+002
760 4 1 317   5.00000000000E+002  5.00000000000E+002  2.47299723125E+003  2.49579055910E+002  1.45286670775E+002
760 4 1 321   5.00000000000E+002  5.00000000000E+002  2.48025515803E+003  2.49732975985E+002  1.38022337236E+002
760 4 1 325   5.00000000000E+002  5.00000000000E+002  2.48751308481E+003  2.49891848793E+002  1.30758003697E+002
760 4 1 329   5.00000000000E+002  5.00000000000E+002  2.49477101159E+003  2.50055718913E+002  1.23493670159E+002
760 4 1 333   5.00000000000E+002  5.00000000000E+002  2.50202893837E+003  2.50224632461E+002  1.16229336620E+002
760 4 1 337   5.00000000000E+002  5.00000000000E+002  2.50928686515E+003  2.50398636744E+002  1.08965003081E+002
760 4 1 341   5.00000000000E+002  5.00000000000E+002  2.51654479193E+003  2.50577779935E+002  1.01700669542E+002
760 4 1 345   5.00000000000E+002  5.00000000000E+002  2.52380271871E+003  2.50762110764E+002  9.44363360037E+001
760 4 1 349   5.00000000000E+002  5.00000000000E+002  2.53106064549E+003  2.50951678231E+002  8.71720024650E+001
760 4 1 353   5.00000000000E+002  5.00000000000E+002  2.53831857227E+003  2.51146531332E+002  7.99076689262E+001
760 4 1 357   5.00000000000E+002  5.00000000000E+002  2.54557649905E+003  2.51346718787E+002  7.26433353875E+001
760 4 1 361   5.00000000000E+002  5.00000000000E+002  2.55283442583E+003  2.51552288794E+002  6.53790018487E+001
760 4 1 365   5.00000000000E+002  5.00000000000E+002  2.56009235261E+003  2.51763288773E+002  5.81146683100E+001
760 4 1 369   5.00000000000E+002  5.00000000000E+002  2.56735027939E+003  2.51979765116E+002  5.08503347712E+001
760 4 1 373   5.00000000000E+002  5.00000000000E+002  2.57460820617E+003  2.52201762918E+002  4.35860012325E+001
760 4 1 377   5.00000000000E+002  5.00000000000E+002  2.58186613295E+003  2.52429325695E+002  3.63216676937E+001
760 4 1 381   5.00000000000E+002  5.00000000000E+002  2.58912405974E+003  2.52662495042E+002  2.90573341550E+001
760 4 1 385   5.00000000000E+002  5.00000000000E+002  2.59638198652E+003  2.52901310235E+002  2.17930006162E+001
760 4 1 389   5.00000000000E+002  5.00000000000E+002  2.60363991330E+003  2.53145807754E+002  1.45286670775E+001
760 4 1 393   5.00000000000E+002  5.00000000000E+002  2.61089784008E+003  2.53396020778E+002  7.26433353875E+000
760 4 1 397   5.00000000000E+002  5.00000000000E+002  2.61815576686E+003  2.53651978765E+002  0.00000000000E+000
