1 1 1 1   5.00000000000E+002  5.00000000000E+002  0.00000000000E+000  2.69449999999E+002  2.40000000000E+003
1 1 1 5   5.00000000000E+002  5.00000000000E+002  2.42424242424E+001  2.68865963330E+002  2.37575757576E+003
1 1 1 9   5.00000000000E+002  5.00000000000E+002  4.84848484848E+001  2.68284693487E+002  2.35151515152E+003
1 1 1 13   5.00000000000E+002  5.00000000000E+002  7.27272727273E+001  2.67706668222E+002  2.32727272727E+003
1 1 1 17   5.00000000000E+002  5.00000000000E+002  9.69696969697E+001  2.67132310362E+002  2.30303030303E+003
1 1 1 21   5.00000000000E+002  5.00000000000E+002  1.21212121212E+002  2.66562030165E+002  2.27878787879E+003
1 1 1 25   5.00000000000E+002  5.00000000000E+002  1.45454545455E+002  2.65996218901E+002  2.25454545455E+003
1 1 1 29   5.00000000000E+002  5.00000000000E+002  1.69696969697E+002  2.65435249342E+002  2.23030303030E+003
1 1 1 33   5.00000000000E+002  5.00000000000E+002  1.93939393939E+002  2.64879475423E+002  2.20606060606E+003
1 1 1 37   5.00000000000E+002  5.00000000000E+002  2.18181818182E+002  2.64329232119E+002  2.18181818182E+003
1 1 1 41   5.00000000000E+002  5.00000000000E+002  2.42424242424E+002  2.63784835400E+002  2.15757575758E+003
1 1 1 45   5.00000000000E+002  5.00000000000E+002  2.66666666667E+002  2.63246582257E+002  2.13333333333E+003
1 1 1 49   5.00000000000E+002  5.00000000000E+002  2.90909090909E+002  2.62714750810E+002  2.10909090909E+003
1 1 1 53   5.00000000000E+002  5.00000000000E+002  3.15151515152E+002  2.62189600475E+002  2.08484848485E+003
1 1 1 57   5.00000000000E+002  5.00000000000E+002  3.39393939394E+002  2.61671372193E+002  2.06060606061E+003
1 1 1 61   5.00000000000E+002  5.00000000000E+002  3.63636363636E+002  2.61160288709E+002  2.03636363636E+003
1 1 1 65   5.00000000000E+002  5.00000000000E+002  3.87878787879E+002  2.60656554893E+002  2.01212121212E+003
1 1 1 69   5.00000000000E+002  5.00000000000E+002  4.12121212121E+002  2.60160358111E+002  1.98787878788E+003
1 1 1 73   5.00000000000E+002  5.00000000000E+002  4.36363636364E+002  2.59671868615E+002  1.96363636364E+003
1 1 1 77   5.00000000000E+002  5.00000000000E+002  4.60606060606E+002  2.59191239978E+002  1.93939393939E+003
1 1 1 81   5.00000000000E+002  5.00000000000E+002  4.84848484848E+002  2.58718609540E+002  1.91515151515E+003
1 1 1 85   5.00000000000E+002  5.00000000000E+002  5.09090909091E+002  2.58254098885E+002  1.89090909091E+003
1 1 1 89   5.00000000000E+002  5.00000000000E+002  5.33333333333E+002  2.57797814327E+002  1.86666666667E+003
1 1 1 93   5.00000000000E+002  5.00000000000E+002  5.57575757576E+002  2.57349847412E+002  1.84242424242E+003
1 1 1 97   5.00000000000E+002  5.00000000000E+002  5.81818181818E+002  2.56910275428E+002  1.81818181818E+003
1 1 1 101   5.00000000000E+002  5.00000000000E+002  6.06060606061E+002  2.56479161924E+002  1.79393939394E+003
1 1 1 105   5.00000000000E+002  5.00000000000E+002  6.30303030303E+002  2.56056557232E+002  1.76969696970E+003
1 1 1 109   5.00000000000E+002  5.00000000000E+002  6.54545454545E+002  2.55642498989E+002  1.74545454545E+003
1 1 1 113   5.00000000000E+002  5.00000000000E+002  6.78787878788E+002  2.55237012662E+002  1.72121212121E+003
1 1 1 117   5.00000000000E+002  5.00000000000E+002  7.03030303030E+002  2.54840112070E+002  1.69696969697E+003
1 1 1 121   5.00000000000E+002  5.00000000000E+002  7.27272727273E+002  2.54451799900E+002  1.67272727273E+003
1 1 1 125   5.00000000000E+002  5.00000000000E+002  7.51515151515E+002  2.54072068220E+002  1.64848484848E+003
1 1 1 129   5.00000000000E+002  5.00000000000E+002  7.75757575758E+002  2.53700898988E+002  1.62424242424E+003
1 1 1 133   5.00000000000E+002  5.00000000000E+002  8.00000000000E+002  2.53338264553E+002  1.60000000000E+003
1 1 1 137   5.00000000000E+002  5.00000000000E+002  8.24242424242E+002  2.52984128140E+002  1.57575757576E+003
1 1 1 141   5.00000000000E+002  5.00000000000E+002  8.48484848485E+002  2.52638444343E+002  1.55151515152E+003
1 1 1 145   5.00000000000E+002  5.00000000000E+002  8.72727272727E+002  2.52301159590E+002  1.52727272727E+003
1 1 1 149   5.00000000000E+002  5.00000000000E+002  8.96969696970E+002  2.51972212612E+002  1.50303030303E+003
1 1 1 153   5.00000000000E+002  5.00000000000E+002  9.21212121212E+002  2.51651534895E+002  1.47878787879E+003
1 1 1 157   5.00000000000E+002  5.00000000000E+002  9.45454545455E+002  2.51339051122E+002  1.45454545455E+003
1 1 1 161   5.00000000000E+002  5.00000000000E+002  9.69696969697E+002  2.51034679607E+002  1.43030303030E+003
1 1 1 165   5.00000000000E+002  5.00000000000E+002  9.93939393939E+002  2.50738332716E+002  1.40606060606E+003
1 1 1 169   5.00000000000E+002  5.00000000000E+002  1.01818181818E+003  2.50449917274E+002  1.38181818182E+003
1 1 1 173   5.00000000000E+002  5.00000000000E+002  1.04242424242E+003  2.50169334965E+002  1.35757575758E+003
1 1 1 177   5.00000000000E+002  5.00000000000E+002  1.06666666667E+003  2.49896482720E+002  1.33333333333E+003
1 1 1 181   5.00000000000E+002  5.00000000000E+002  1.09090909091E+003  2.49631253090E+002  1.30909090909E+003
1 1 1 185   5.00000000000E+002  5.00000000000E+002  1.11515151515E+003  2.49373534610E+002  1.28484848485E+003
1 1 1 189   5.00000000000E+002  5.00000000000E+002  1.13939393939E+003  2.49123212153E+002  1.26060606061E+003
1 1 1 193   5.00000000000E+002  5.00000000000E+002  1.16363636364E+003  2.48880167270E+002  1.23636363636E+003
1 1 1 197   5.00000000000E+002  5.00000000000E+002  1.18787878788E+003  2.48644278517E+002  1.21212121212E+003
1 1 1 201   5.00000000000E+002  5.00000000000E+002  1.21212121212E+003  2.48415421777E+002  1.18787878788E+003
1 1 1 205   5.00000000000E+002  5.00000000000E+002  1.23636363636E+003  2.48193470565E+002  1.16363636364E+003
1 1 1 209   5.00000000000E+002  5.00000000000E+002  1.26060606061E+003  2.47978296321E+002  1.13939393939E+003
1 1 1 213   5.00000000000E+002  5.00000000000E+002  1.28484848485E+003  2.47769768698E+002  1.11515151515E+003
1 1 1 217   5.00000000000E+002  5.00000000000E+002  1.30909090909E+003  2.47567755836E+002  1.09090909091E+003
1 1 1 221   5.00000000000E+002  5.00000000000E+002  1.33333333333E+003  2.47372124620E+002  1.06666666667E+003
1 1 1 225   5.00000000000E+002  5.00000000000E+002  1.35757575758E+003  2.47182740937E+002  1.04242424242E+003
1 1 1 229   5.00000000000E+002  5.00000000000E+002  1.38181818182E+003  2.46999469912E+002  1.01818181818E+003
1 1 1 233   5.00000000000E+002  5.00000000000E+002  1.40606060606E+003  2.46822176145E+002  9.93939393939E+002
1 1 1 237   5.00000000000E+002  5.00000000000E+002  1.43030303030E+003  2.46650723925E+002  9.69696969697E+002
1 1 1 241   5.00000000000E+002  5.00000000000E+002  1.45454545455E+003  2.46484977445E+002  9.45454545455E+002
1 1 1 245   5.00000000000E+002  5.00000000000E+002  1.47878787879E+003  2.46324800998E+002  9.21212121212E+002
1 1 1 249   5.00000000000E+002  5.00000000000E+002  1.50303030303E+003  2.46170059172E+002  8.96969696970E+002
1 1 1 253   5.00000000000E+002  5.00000000000E+002  1.52727272727E+003  2.46020617023E+002  8.72727272727E+002
1 1 1 257   5.00000000000E+002  5.00000000000E+002  1.55151515152E+003  2.45876340253E+002  8.48484848485E+002
1 1 1 261   5.00000000000E+002  5.00000000000E+002  1.57575757576E+003  2.45737095366E+002  8.24242424242E+002
1 1 1 265   5.00000000000E+002  5.00000000000E+002  1.60000000000E+003  2.45602749823E+002  8.00000000000E+002
1 1 1 269   5.00000000000E+002  5.00000000000E+002  1.62424242424E+003  2.45473172183E+002  7.75757575758E+002
1 1 1 273   5.00000000000E+002  5.00000000000E+002  1.64848484848E+003  2.45348232236E+002  7.51515151515E+002
1 1 1 277   5.00000000000E+002  5.00000000000E+002  1.67272727273E+003  2.45227801129E+002  7.27272727273E+002
1 1 1 281   5.00000000000E+002  5.00000000000E+002  1.69696969697E+003  2.45111751481E+002  7.03030303030E+002
1 1 1 285   5.00000000000E+002  5.00000000000E+002  1.72121212121E+003  2.44999957495E+002  6.78787878788E+002
1 1 1 289   5.00000000000E+002  5.00000000000E+002  1.74545454545E+003  2.44892295052E+002  6.54545454545E+002
1 1 1 293   5.00000000000E+002  5.00000000000E+002  1.76969696970E+003  2.44788641805E+002  6.30303030303E+002
1 1 1 297   5.00000000000E+002  5.00000000000E+002  1.79393939394E+003  2.44688877265E+002  6.06060606061E+002
1 1 1 301   5.00000000000E+002  5.00000000000E+002  1.81818181818E+003  2.44592882872E+002  5.81818181818E+002
1 1 1 305   5.00000000000E+002  5.00000000000E+002  1.84242424242E+003  2.44500542073E+002  5.57575757576E+002
1 1 1 309   5.00000000000E+002  5.00000000000E+002  1.86666666667E+003  2.44411740373E+002  5.33333333333E+002
1 1 1 313   5.00000000000E+002  5.00000000000E+002  1.89090909091E+003  2.44326365398E+002  5.09090909091E+002
1 1 1 317   5.00000000000E+002  5.00000000000E+002  1.91515151515E+003  2.44244306941E+002  4.84848484848E+002
1 1 1 321   5.00000000000E+002  5.00000000000E+002  1.93939393939E+003  2.44165457002E+002  4.60606060606E+002
1 1 1 325   5.00000000000E+002  5.00000000000E+002  1.96363636364E+003  2.44089709828E+002  4.36363636364E+002
1 1 1 329   5.00000000000E+002  5.00000000000E+002  1.98787878788E+003  2.44016961938E+002  4.12121212121E+002
1 1 1 333   5.00000000000E+002  5.00000000000E+002  2.01212121212E+003  2.43947112151E+002  3.87878787879E+002
1 1 1 337   5.00000000000E+002  5.00000000000E+002  2.03636363636E+003  2.43880061605E+002  3.63636363636E+002
1 1 1 341   5.00000000000E+002  5.00000000000E+002  2.06060606061E+003  2.43815713766E+002  3.39393939394E+002
1 1 1 345   5.00000000000E+002  5.00000000000E+002  2.08484848485E+003  2.43753974442E+002  3.15151515152E+002
1 1 1 349   5.00000000000E+002  5.00000000000E+002  2.10909090909E+003  2.43694751785E+002  2.90909090909E+002
1 1 1 353   5.00000000000E+002  5.00000000000E+002  2.13333333333E+003  2.43637956290E+002  2.66666666667E+002
1 1 1 357   5.00000000000E+002  5.00000000000E+002  2.15757575758E+003  2.43583500791E+002  2.42424242424E+002
1 1 1 361   5.00000000000E+002  5.00000000000E+002  2.18181818182E+003  2.43531300454E+002  2.18181818182E+002
1 1 1 365   5.00000000000E+002  5.00000000000E+002  2.20606060606E+003  2.43481272762E+002  1.93939393939E+002
1 1 1 369   5.00000000000E+002  5.00000000000E+002  2.23030303030E+003  2.43433337500E+002  1.69696969697E+002
1 1 1 373   5.00000000000E+002  5.00000000000E+002  2.25454545455E+003  2.43387416739E+002  1.45454545455E+002
1 1 1 377   5.00000000000E+002  5.00000000000E+002  2.27878787879E+003  2.43343434813E+002  1.21212121212E+002
1 1 1 381   5.00000000000E+002  5.00000000000E+002  2.30303030303E+003  2.43301318266E+002  9.69696969697E+001
1 1 1 385   5.00000000000E+002  5.00000000000E+002  2.32727272727E+003  2.43260996106E+002  7.27272727273E+001
1 1 1 389   5.00000000000E+002  5.00000000000E+002  2.35151515152E+003  2.43222397274E+002  4.84848484848E+001
1 1 1 393   5.00000000000E+002  5.00000000000E+002  2.37575757576E+003  2.43185472718E+002  2.42424242424E+001
1 1 1 397   5.00000000000E+002  5.00000000000E+002  2.40000000000E+003  2.43150000003E+002  0.00000000000E+000
201 2 1 1   5.00000000000E+002  5.00000000000E+002  0.00000000000E+000  2.69450000000E+002  2.41990000000E+003
201 2 1 8   5.00000000000E+002  5.00000000000E+002  2.44170075944E+001  2.68869170236E+002  2.39548386532E+003
201 2 1 12   5.00000000000E+002  5.00000000000E+002  4.88385641141E+001  2.68290414830E+002  2.37106320446E+003
201 2 1 16   5.00000000000E+002  5.00000000000E+002  7.32640224723E+001  2.67714338145E+002  2.34663866128E+003
201 2 1 20   5.00000000000E+002  5.00000000000E+002  9.76928276305E+001  2.67141495260E+002  2.32221078802E+003
201 2 1 24   5.00000000000E+002  5.00000000000E+002  1.22124503505E+002  2.66572396112E+002  2.29778005841E+003
201 2 1 28   5.00000000000E+002  5.00000000000E+002  1.46558641733E+002  2.66007509427E+002  2.27334687875E+003
201 2 1 32   5.00000000000E+002  5.00000000000E+002  1.70994892045E+002  2.65447266441E+002  2.24891159757E+003
201 2 1 36   5.00000000000E+002  5.00000000000E+002  1.95432953994E+002  2.64892064408E+002  2.22447451381E+003
201 2 1 40   5.00000000000E+002  5.00000000000E+002  2.19872569874E+002  2.64342269805E+002  2.20003588388E+003
201 2 1 44   5.00000000000E+002  5.00000000000E+002  2.44313518635E+002  2.63798221185E+002  2.17559592775E+003
201 2 1 48   5.00000000000E+002  5.00000000000E+002  2.68755610673E+002  2.63260231614E+002  2.15115483405E+003
201 2 1 52   5.00000000000E+002  5.00000000000E+002  2.93198683355E+002  2.62728590701E+002  2.12671276461E+003
201 2 1 56   5.00000000000E+002  5.00000000000E+002  3.17642597181E+002  2.62203566227E+002  2.10226985823E+003
201 2 1 60   5.00000000000E+002  5.00000000000E+002  3.42087232496E+002  2.61685405436E+002  2.07782623397E+003
201 2 1 64   5.00000000000E+002  5.00000000000E+002  3.66532486664E+002  2.61174336056E+002  2.05338199395E+003
201 2 1 68   5.00000000000E+002  5.00000000000E+002  3.90978271651E+002  2.60670567113E+002  2.02893722577E+003
201 2 1 72   5.00000000000E+002  5.00000000000E+002  4.15424511942E+002  2.60174289603E+002  2.00449200456E+003
201 2 1 76   5.00000000000E+002  5.00000000000E+002  4.39871142766E+002  2.59685677081E+002  1.98004639477E+003
201 2 1 80   5.00000000000E+002  5.00000000000E+002  4.64318108564E+002  2.59204886196E+002  1.95560045168E+003
201 2 1 84   5.00000000000E+002  5.00000000000E+002  4.88765361679E+002  2.58732057205E+002  1.93115422271E+003
201 2 1 88   5.00000000000E+002  5.00000000000E+002  5.13212861232E+002  2.58267314474E+002  1.90670774853E+003
201 2 1 92   5.00000000000E+002  5.00000000000E+002  5.37660572159E+002  2.57810766986E+002  1.88226106404E+003
201 2 1 96   5.00000000000E+002  5.00000000000E+002  5.62108464381E+002  2.57362508851E+002  1.85781419915E+003
201 2 1 100   5.00000000000E+002  5.00000000000E+002  5.86556512097E+002  2.56922619821E+002  1.83336717955E+003
201 2 1 104   5.00000000000E+002  5.00000000000E+002  6.11004693174E+002  2.56491165806E+002  1.80892002726E+003
201 2 1 108   5.00000000000E+002  5.00000000000E+002  6.35452988625E+002  2.56068199406E+002  1.78447276117E+003
201 2 1 112   5.00000000000E+002  5.00000000000E+002  6.59901382160E+002  2.55653760427E+002  1.76002539748E+003
201 2 1 116   5.00000000000E+002  5.00000000000E+002  6.84349859805E+002  2.55247876415E+002  1.73557795010E+003
201 2 1 120   5.00000000000E+002  5.00000000000E+002  7.08798409570E+002  2.54850563170E+002  1.71113043096E+003
201 2 1 124   5.00000000000E+002  5.00000000000E+002  7.33247021164E+002  2.54461825272E+002  1.68668285030E+003
201 2 1 128   5.00000000000E+002  5.00000000000E+002  7.57695685758E+002  2.54081656596E+002  1.66223521691E+003
201 2 1 132   5.00000000000E+002  5.00000000000E+002  7.82144395771E+002  2.53710040815E+002  1.63778753833E+003
201 2 1 136   5.00000000000E+002  5.00000000000E+002  8.06593144694E+002  2.53346951910E+002  1.61333982103E+003
201 2 1 140   5.00000000000E+002  5.00000000000E+002  8.31041926935E+002  2.52992354657E+002  1.58889207058E+003
201 2 1 144   5.00000000000E+002  5.00000000000E+002  8.55490737691E+002  2.52646205117E+002  1.56444429175E+003
201 2 1 148   5.00000000000E+002  5.00000000000E+002  8.79939572829E+002  2.52308451109E+002  1.53999648867E+003
201 2 1 152   5.00000000000E+002  5.00000000000E+002  9.04388428791E+002  2.51979032682E+002  1.51554866487E+003
201 2 1 156   5.00000000000E+002  5.00000000000E+002  9.28837302512E+002  2.51657882561E+002  1.49110082339E+003
201 2 1 160   5.00000000000E+002  5.00000000000E+002  9.53286191345E+002  2.51344926604E+002  1.46665296688E+003
201 2 1 164   5.00000000000E+002  5.00000000000E+002  9.77735092999E+002  2.51040084226E+002  1.44220509762E+003
201 2 1 167   5.00000000000E+002  5.00000000000E+002  1.00218400549E+003  2.50743268832E+002  1.41775721757E+003
201 2 1 171   5.00000000000E+002  5.00000000000E+002  1.02663292708E+003  2.50454388220E+002  1.39330932847E+003
201 2 1 175   5.00000000000E+002  5.00000000000E+002  1.05108185625E+003  2.50173344987E+002  1.36886143182E+003
201 2 1 179   5.00000000000E+002  5.00000000000E+002  1.07553079167E+003  2.49900036919E+002  1.34441352896E+003
201 2 1 183   5.00000000000E+002  5.00000000000E+002  1.09997973214E+003  2.49634357362E+002  1.31996562106E+003
201 2 1 187   5.00000000000E+002  5.00000000000E+002  1.12442867660E+003  2.49376195595E+002  1.29551770921E+003
201 2 1 191   5.00000000000E+002  5.00000000000E+002  1.14887762405E+003  2.49125437180E+002  1.27106979437E+003
201 2 1 195   5.00000000000E+002  5.00000000000E+002  1.17332657361E+003  2.48881964307E+002  1.24662187744E+003
201 2 1 199   5.00000000000E+002  5.00000000000E+002  1.19777552440E+003  2.48645656123E+002  1.22217395928E+003
201 2 1 203   5.00000000000E+002  5.00000000000E+002  1.22222447560E+003  2.48416389052E+002  1.19772604072E+003
201 2 1 207   5.00000000000E+002  5.00000000000E+002  1.24667342639E+003  2.48194037107E+002  1.17327812256E+003
201 2 1 211   5.00000000000E+002  5.00000000000E+002  1.27112237595E+003  2.47978472182E+002  1.14883020563E+003
201 2 1 215   5.00000000000E+002  5.00000000000E+002  1.29557132340E+003  2.47769564341E+002  1.12438229079E+003
201 2 1 219   5.00000000000E+002  5.00000000000E+002  1.32002026786E+003  2.47567182093E+002  1.09993437894E+003
201 2 1 223   5.00000000000E+002  5.00000000000E+002  1.34446920833E+003  2.47371192654E+002  1.07548647104E+003
201 2 1 227   5.00000000000E+002  5.00000000000E+002  1.36891814375E+003  2.47181462204E+002  1.05103856818E+003
201 2 1 231   5.00000000000E+002  5.00000000000E+002  1.39336707292E+003  2.46997856125E+002  1.02659067153E+003
201 2 1 235   5.00000000000E+002  5.00000000000E+002  1.41781599451E+003  2.46820239235E+002  1.00214278243E+003
201 2 1 239   5.00000000000E+002  5.00000000000E+002  1.44226490700E+003  2.46648476010E+002  9.77694902383E+002
201 2 1 243   5.00000000000E+002  5.00000000000E+002  1.46671380866E+003  2.46482430795E+002  9.53247033115E+002
201 2 1 247   5.00000000000E+002  5.00000000000E+002  1.49116269749E+003  2.46321968006E+002  9.28799176605E+002
201 2 1 251   5.00000000000E+002  5.00000000000E+002  1.51561157121E+003  2.46166952317E+002  9.04351335132E+002
201 2 1 255   5.00000000000E+002  5.00000000000E+002  1.54006042717E+003  2.46017248848E+002  8.79903511328E+002
201 2 1 259   5.00000000000E+002  5.00000000000E+002  1.56450926231E+003  2.45872723331E+002  8.55455708245E+002
201 2 1 263   5.00000000000E+002  5.00000000000E+002  1.58895807306E+003  2.45733242275E+002  8.31007929422E+002
201 2 1 267   5.00000000000E+002  5.00000000000E+002  1.61340685531E+003  2.45598673119E+002  8.06560178970E+002
201 2 1 271   5.00000000000E+002  5.00000000000E+002  1.63785560423E+003  2.45468884375E+002  7.82112461671E+002
201 2 1 275   5.00000000000E+002  5.00000000000E+002  1.66230431424E+003  2.45343745761E+002  7.57664783087E+002
201 2 1 279   5.00000000000E+002  5.00000000000E+002  1.68675297884E+003  2.45223128334E+002  7.33217149695E+002
201 2 1 283   5.00000000000E+002  5.00000000000E+002  1.71120159043E+003  2.45106904599E+002  7.08769569037E+002
201 2 1 287   5.00000000000E+002  5.00000000000E+002  1.73565014019E+003  2.44994948632E+002  6.84322049900E+002
201 2 1 291   5.00000000000E+002  5.00000000000E+002  1.76009861784E+003  2.44887136181E+002  6.59874602522E+002
201 2 1 295   5.00000000000E+002  5.00000000000E+002  1.78454701138E+003  2.44783344795E+002  6.35427238833E+002
201 2 1 299   5.00000000000E+002  5.00000000000E+002  1.80899530683E+003  2.44683453962E+002  6.10979972738E+002
201 2 1 303   5.00000000000E+002  5.00000000000E+002  1.83344348790E+003  2.44587345347E+002  5.86532820446E+002
201 2 1 307   5.00000000000E+002  5.00000000000E+002  1.85789153562E+003  2.44494903186E+002  5.62085800847E+002
201 2 1 311   5.00000000000E+002  5.00000000000E+002  1.88233942784E+003  2.44406015065E+002  5.37638935965E+002
201 2 1 315   5.00000000000E+002  5.00000000000E+002  1.90678713877E+003  2.44320573433E+002  5.13192251471E+002
201 2 1 319   5.00000000000E+002  5.00000000000E+002  1.93123463832E+003  2.44238478479E+002  4.88745777295E+002
201 2 1 323   5.00000000000E+002  5.00000000000E+002  1.95568189144E+003  2.44159643463E+002  4.64299548324E+002
201 2 1 327   5.00000000000E+002  5.00000000000E+002  1.98012885723E+003  2.44084004178E+002  4.39853605234E+002
201 2 1 331   5.00000000000E+002  5.00000000000E+002  2.00457548806E+003  2.44011535036E+002  4.15407995443E+002
201 2 1 335   5.00000000000E+002  5.00000000000E+002  2.02902172835E+003  2.43942275231E+002  3.90962774232E+002
201 2 1 339   5.00000000000E+002  5.00000000000E+002  2.05346751334E+003  2.43876369359E+002  3.66518006049E+002
201 2 1 343   5.00000000000E+002  5.00000000000E+002  2.07791276750E+003  2.43814127531E+002  3.42073766030E+002
201 2 1 347   5.00000000000E+002  5.00000000000E+002  2.10235740282E+003  2.43756110003E+002  3.17630141771E+002
201 2 1 351   5.00000000000E+002  5.00000000000E+002  2.12680131665E+003  2.43703240155E+002  2.93187235392E+002
201 2 1 355   5.00000000000E+002  5.00000000000E+002  2.15124438933E+003  2.43656946910E+002  2.68745165953E+002
201 2 1 359   5.00000000000E+002  5.00000000000E+002  2.17568648137E+003  2.43619333156E+002  2.44304072254E+002
201 2 1 363   5.00000000000E+002  5.00000000000E+002  2.20012743013E+003  2.43593360578E+002  2.19864116115E+002
201 2 1 367   5.00000000000E+002  5.00000000000E+002  2.22456704601E+003  2.43583034377E+002  1.95425486194E+002
201 2 1 371   5.00000000000E+002  5.00000000000E+002  2.24900510795E+003  2.43593564880E+002  1.70988402433E+002
201 2 1 375   5.00000000000E+002  5.00000000000E+002  2.27344135827E+003  2.43631478827E+002  1.46553121252E+002
201 2 1 379   5.00000000000E+002  5.00000000000E+002  2.29787549650E+003  2.43704652788E+002  1.22119941593E+002
201 2 1 383   5.00000000000E+002  5.00000000000E+002  2.32230717237E+003  2.43822245892E+002  9.76892119772E+001
201 2 1 387   5.00000000000E+002  5.00000000000E+002  2.34673597753E+003  2.43994518858E+002  7.32613387236E+001
201 2 1 391   5.00000000000E+002  5.00000000000E+002  2.37116143589E+003  2.44232540119E+002  4.88367955360E+001
201 2 1 395   5.00000000000E+002  5.00000000000E+002  2.39558299241E+003  2.44547795151E+002  2.44161346777E+001
201 2 1 397   5.00000000000E+002  5.00000000000E+002  2.42000000000E+003  2.44951729149E+002  0.00000000000E+000
401 3 1 1   5.00000000000E+002  5.00000000000E+002  0.00000000000E+000  2.69450000000E+002  2.43990000000E+003
401 3 1 8   5.00000000000E+002  5.00000000000E+002  2.45915909464E+001  2.68871891685E+002  2.41530928197E+003
401 3 1 12   5.00000000000E+002  5.00000000000E+002  4.91922797434E+001  2.68295404820E+002  2.39070948883E+003
401 3 1 16   5.00000000000E+002  5.00000000000E+002  7.38007722173E+001  2.67721203052E+002  2.36610191153E+003
401 3 1 20   5.00000000000E+002  5.00000000000E+002  9.84159582913E+001  2.67149893793E+002  2.34148765736E+003
401 3 1 24   5.00000000000E+002  5.00000000000E+002  1.23036885797E+002  2.66582033619E+002  2.31686767611E+003
401 3 1 28   5.00000000000E+002  5.00000000000E+002  1.47662738012E+002  2.66018133040E+002  2.29224278247E+003
401 3 1 32   5.00000000000E+002  5.00000000000E+002  1.72292814393E+002  2.65458660726E+002  2.26761367522E+003
401 3 1 36   5.00000000000E+002  5.00000000000E+002  1.96926514050E+002  2.64904047252E+002  2.24298095375E+003
401 3 1 40   5.00000000000E+002  5.00000000000E+002  2.21563321566E+002  2.64354688402E+002  2.21834513219E+003
401 3 1 44   5.00000000000E+002  5.00000000000E+002  2.46202794845E+002  2.63810948079E+002  2.19370665154E+003
401 3 1 48   5.00000000000E+002  5.00000000000E+002  2.70844554679E+002  2.63273160869E+002  2.16906589004E+003
401 3 1 52   5.00000000000E+002  5.00000000000E+002  2.95488275800E+002  2.62741634273E+002  2.14442317216E+003
401 3 1 56   5.00000000000E+002  5.00000000000E+002  3.20133679210E+002  2.62216650664E+002  2.11977877620E+003
401 3 1 60   5.00000000000E+002  5.00000000000E+002  3.44780525597E+002  2.61698468977E+002  2.09513294087E+003
401 3 1 64   5.00000000000E+002  5.00000000000E+002  3.69428609692E+002  2.61187326175E+002  2.07048587092E+003
401 3 1 68   5.00000000000E+002  5.00000000000E+002  3.94077755423E+002  2.60683438520E+002  2.04583774200E+003
401 3 1 72   5.00000000000E+002  5.00000000000E+002  4.18727811763E+002  2.60187002675E+002  2.02118870474E+003
401 3 1 76   5.00000000000E+002  5.00000000000E+002  4.43378649169E+002  2.59698196670E+002  1.99653888836E+003
401 3 1 80   5.00000000000E+002  5.00000000000E+002  4.68030156522E+002  2.59217180754E+002  1.97188840372E+003
401 3 1 84   5.00000000000E+002  5.00000000000E+002  4.92682238509E+002  2.58744098156E+002  1.94723734588E+003
401 3 1 88   5.00000000000E+002  5.00000000000E+002  5.17334813373E+002  2.58279075782E+002  1.92258579639E+003
401 3 1 92   5.00000000000E+002  5.00000000000E+002  5.41987810984E+002  2.57822224860E+002  1.89793382521E+003
401 3 1 96   5.00000000000E+002  5.00000000000E+002  5.66641171186E+002  2.57373641546E+002  1.87328149235E+003
401 3 1 100   5.00000000000E+002  5.00000000000E+002  5.91294842376E+002  2.56933407500E+002  1.84862884928E+003
401 3 1 104   5.00000000000E+002  5.00000000000E+002  6.15948780287E+002  2.56501590453E+002  1.82397594015E+003
401 3 1 108   5.00000000000E+002  5.00000000000E+002  6.40602946946E+002  2.56078244754E+002  1.79932280285E+003
401 3 1 112   5.00000000000E+002  5.00000000000E+002  6.65257309774E+002  2.55663411902E+002  1.77466946986E+003
401 3 1 116   5.00000000000E+002  5.00000000000E+002  6.89911840823E+002  2.55257121086E+002  1.75001596908E+003
401 3 1 120   5.00000000000E+002  5.00000000000E+002  7.14566516109E+002  2.54859389703E+002  1.72536232442E+003
401 3 1 124   5.00000000000E+002  5.00000000000E+002  7.39221315056E+002  2.54470223882E+002  1.70070855641E+003
401 3 1 128   5.00000000000E+002  5.00000000000E+002  7.63876220001E+002  2.54089618993E+002  1.67605468267E+003
401 3 1 132   5.00000000000E+002  5.00000000000E+002  7.88531215785E+002  2.53717560158E+002  1.65140071832E+003
401 3 1 136   5.00000000000E+002  5.00000000000E+002  8.13186289387E+002  2.53354022745E+002  1.62674667634E+003
401 3 1 140   5.00000000000E+002  5.00000000000E+002  8.37841429628E+002  2.52998972869E+002  1.60209256788E+003
401 3 1 144   5.00000000000E+002  5.00000000000E+002  8.62496626897E+002  2.52652367867E+002  1.57743840255E+003
401 3 1 148   5.00000000000E+002  5.00000000000E+002  8.87151872930E+002  2.52314156781E+002  1.55278418857E+003
401 3 1 152   5.00000000000E+002  5.00000000000E+002  9.11807160612E+002  2.51984280817E+002  1.52812993305E+003
401 3 1 156   5.00000000000E+002  5.00000000000E+002  9.36462483811E+002  2.51662673807E+002  1.50347564210E+003
401 3 1 160   5.00000000000E+002  5.00000000000E+002  9.61117837235E+002  2.51349262651E+002  1.47882132099E+003
401 3 1 164   5.00000000000E+002  5.00000000000E+002  9.85773216301E+002  2.51043967753E+002  1.45416697431E+003
401 3 1 168   5.00000000000E+002  5.00000000000E+002  1.01042861704E+003  2.50746703445E+002  1.42951260602E+003
401 3 1 172   5.00000000000E+002  5.00000000000E+002  1.03508403597E+003  2.50457378400E+002  1.40485821957E+003
401 3 1 176   5.00000000000E+002  5.00000000000E+002  1.05973947008E+003  2.50175896037E+002  1.38020381799E+003
401 3 1 180   5.00000000000E+002  5.00000000000E+002  1.08439491667E+003  2.49902154902E+002  1.35554940395E+003
401 3 1 184   5.00000000000E+002  5.00000000000E+002  1.10905037337E+003  2.49636049059E+002  1.33089497983E+003
401 3 1 188   5.00000000000E+002  5.00000000000E+002  1.13370583804E+003  2.49377468448E+002  1.30624054777E+003
401 3 1 192   5.00000000000E+002  5.00000000000E+002  1.15836130871E+003  2.49126299245E+002  1.28158610971E+003
401 3 1 196   5.00000000000E+002  5.00000000000E+002  1.18301678358E+003  2.48882424203E+002  1.25693166747E+003
401 3 1 200   5.00000000000E+002  5.00000000000E+002  1.20767226092E+003  2.48645722989E+002  1.23227722276E+003
401 3 1 204   5.00000000000E+002  5.00000000000E+002  1.23232773908E+003  2.48416072502E+002  1.20762277724E+003
401 3 1 208   5.00000000000E+002  5.00000000000E+002  1.25698321642E+003  2.48193347184E+002  1.18296833253E+003
401 3 1 212   5.00000000000E+002  5.00000000000E+002  1.28163869129E+003  2.47977419318E+002  1.15831389029E+003
401 3 1 216   5.00000000000E+002  5.00000000000E+002  1.30629416196E+003  2.47768159316E+002  1.13365945223E+003
401 3 1 220   5.00000000000E+002  5.00000000000E+002  1.33094962662E+003  2.47565435995E+002  1.10900502017E+003
401 3 1 224   5.00000000000E+002  5.00000000000E+002  1.35560508333E+003  2.47369116841E+002  1.08435059605E+003
401 3 1 228   5.00000000000E+002  5.00000000000E+002  1.38026052992E+003  2.47179068267E+002  1.05969618201E+003
401 3 1 232   5.00000000000E+002  5.00000000000E+002  1.40491596403E+003  2.46995155856E+002  1.03504178043E+003
401 3 1 236   5.00000000000E+002  5.00000000000E+002  1.42957138296E+003  2.46817244594E+002  1.01038739398E+003
401 3 1 240   5.00000000000E+002  5.00000000000E+002  1.45422678370E+003  2.46645199095E+002  9.85733025685E+002
401 3 1 244   5.00000000000E+002  5.00000000000E+002  1.47888216277E+003  2.46478883822E+002  9.61078679005E+002
401 3 1 248   5.00000000000E+002  5.00000000000E+002  1.50353751619E+003  2.46318163293E+002  9.36424357905E+002
401 3 1 252   5.00000000000E+002  5.00000000000E+002  1.52819283939E+003  2.46162902297E+002  9.11770066953E+002
401 3 1 256   5.00000000000E+002  5.00000000000E+002  1.55284812707E+003  2.46012966102E+002  8.87115811429E+002
401 3 1 260   5.00000000000E+002  5.00000000000E+002  1.57750337310E+003  2.45868220692E+002  8.62461597451E+002
401 3 1 264   5.00000000000E+002  5.00000000000E+002  1.60215857037E+003  2.45728533026E+002  8.37807432115E+002
401 3 1 268   5.00000000000E+002  5.00000000000E+002  1.62681371061E+003  2.45593771373E+002  8.13153323664E+002
401 3 1 272   5.00000000000E+002  5.00000000000E+002  1.65146878422E+003  2.45463805749E+002  7.88499281684E+002
401 3 1 276   5.00000000000E+002  5.00000000000E+002  1.67612378000E+003  2.45338508539E+002  7.63845317330E+002
401 3 1 280   5.00000000000E+002  5.00000000000E+002  1.70077868494E+003  2.45217755415E+002  7.39191443587E+002
401 3 1 284   5.00000000000E+002  5.00000000000E+002  1.72543348389E+003  2.45101426692E+002  7.14537675577E+002
401 3 1 288   5.00000000000E+002  5.00000000000E+002  1.75008815918E+003  2.44989409354E+002  6.89884030918E+002
401 3 1 292   5.00000000000E+002  5.00000000000E+002  1.77474269023E+003  2.44881600046E+002  6.65230530136E+002
401 3 1 296   5.00000000000E+002  5.00000000000E+002  1.79939705305E+003  2.44777909436E+002  6.40577197154E+002
401 3 1 300   5.00000000000E+002  5.00000000000E+002  1.82405121971E+003  2.44678268451E+002  6.15924059852E+002
401 3 1 304   5.00000000000E+002  5.00000000000E+002  1.84870515762E+003  2.44582637035E+002  5.91271150725E+002
401 3 1 308   5.00000000000E+002  5.00000000000E+002  1.87335882881E+003  2.44491016158E+002  5.66618507652E+002
401 3 1 312   5.00000000000E+002  5.00000000000E+002  1.89801218902E+003  2.44403463926E+002  5.41966174790E+002
401 3 1 316   5.00000000000E+002  5.00000000000E+002  1.92266518663E+003  2.44320116664E+002  5.17314203612E+002
401 3 1 320   5.00000000000E+002  5.00000000000E+002  1.94731776149E+003  2.44241215818E+002  4.92662654125E+002
401 3 1 324   5.00000000000E+002  5.00000000000E+002  1.97196984348E+003  2.44167141380E+002  4.68011596282E+002
401 3 1 328   5.00000000000E+002  5.00000000000E+002  1.99662135083E+003  2.44098452247E+002  4.43361111637E+002
401 3 1 332   5.00000000000E+002  5.00000000000E+002  2.02127218824E+003  2.44035933488E+002  4.18711295264E+002
401 3 1 336   5.00000000000E+002  5.00000000000E+002  2.04592224458E+003  2.43980649917E+002  3.94062258004E+002
401 3 1 340   5.00000000000E+002  5.00000000000E+002  2.07057139031E+003  2.43934004571E+002  3.69414129077E+002
401 3 1 344   5.00000000000E+002  5.00000000000E+002  2.09521947440E+003  2.43897799913E+002  3.44767059132E+002
401 3 1 348   5.00000000000E+002  5.00000000000E+002  2.11986632079E+003  2.43874298651E+002  3.20121223800E+002
401 3 1 352   5.00000000000E+002  5.00000000000E+002  2.14451172420E+003  2.43866280320E+002  2.95476827838E+002
401 3 1 356   5.00000000000E+002  5.00000000000E+002  2.16915544532E+003  2.43877089139E+002  2.70834109959E+002
401 3 1 360   5.00000000000E+002  5.00000000000E+002  2.19379720515E+003  2.43910668353E+002  2.46193348464E+002
401 3 1 364   5.00000000000E+002  5.00000000000E+002  2.21843667843E+003  2.43971576388E+002  2.21554867807E+002
401 3 1 368   5.00000000000E+002  5.00000000000E+002  2.24307348595E+003  2.44064980648E+002  1.96919046249E+002
401 3 1 372   5.00000000000E+002  5.00000000000E+002  2.26770718561E+003  2.44196625808E+002  1.72286324782E+002
401 3 1 376   5.00000000000E+002  5.00000000000E+002  2.29233726199E+003  2.44372774813E+002  1.47657217531E+002
401 3 1 380   5.00000000000E+002  5.00000000000E+002  2.31696311420E+003  2.44600122447E+002  1.23032323886E+002
401 3 1 384   5.00000000000E+002  5.00000000000E+002  2.34158404171E+003  2.44885683094E+002  9.84123426380E+001
401 3 1 388   5.00000000000E+002  5.00000000000E+002  2.36619922778E+003  2.45236655979E+002  7.37980884686E+001
401 3 1 392   5.00000000000E+002  5.00000000000E+002  2.39080772026E+003  2.45660272605E+002  4.91905111652E+001
401 3 1 396   5.00000000000E+002  5.00000000000E+002  2.41540840905E+003  2.46163632131E+002  2.45907180297E+001
401 3 1 397   5.00000000000E+002  5.00000000000E+002  2.44000000000E+003  2.46753530950E+002  0.00000000000E+000
601 4 1 1   5.00000000000E+002  5.00000000000E+002  0.00000000000E+000  2.69450000000E+002  2.45990000000E+003
601 4 1 8   5.00000000000E+002  5.00000000000E+002  2.47661742985E+001  2.68874510895E+002  2.43513469862E+003
601 4 1 12   5.00000000000E+002  5.00000000000E+002  4.95459953726E+001  2.68300199872E+002  2.41035577321E+003
601 4 1 16   5.00000000000E+002  5.00000000000E+002  7.43375219623E+001  2.67727791722E+002  2.38556516179E+003
601 4 1 20   5.00000000000E+002  5.00000000000E+002  9.91390889521E+001  2.67157947215E+002  2.36076452670E+003
601 4 1 24   5.00000000000E+002  5.00000000000E+002  1.23949268089E+002  2.66591269413E+002  2.33595529382E+003
601 4 1 28   5.00000000000E+002  5.00000000000E+002  1.48766834291E+002  2.66028309284E+002  2.31113868619E+003
601 4 1 32   5.00000000000E+002  5.00000000000E+002  1.73590736742E+002  2.65469570666E+002  2.28631575287E+003
601 4 1 36   5.00000000000E+002  5.00000000000E+002  1.98420074105E+002  2.64915514651E+002  2.26148739370E+003
601 4 1 40   5.00000000000E+002  5.00000000000E+002  2.23254073258E+002  2.64366563438E+002  2.23665438050E+003
601 4 1 44   5.00000000000E+002  5.00000000000E+002  2.48092071056E+002  2.63823103715E+002  2.21181737532E+003
601 4 1 48   5.00000000000E+002  5.00000000000E+002  2.72933498685E+002  2.63285489627E+002  2.18697694603E+003
601 4 1 52   5.00000000000E+002  5.00000000000E+002  2.97777868246E+002  2.62754045376E+002  2.16213357972E+003
601 4 1 56   5.00000000000E+002  5.00000000000E+002  3.22624761239E+002  2.62229067492E+002  2.13728769417E+003
601 4 1 60   5.00000000000E+002  5.00000000000E+002  3.47473818699E+002  2.61710826832E+002  2.11243964777E+003
601 4 1 64   5.00000000000E+002  5.00000000000E+002  3.72324732720E+002  2.61199570320E+002  2.08758974790E+003
601 4 1 68   5.00000000000E+002  5.00000000000E+002  3.97177239194E+002  2.60695522487E+002  2.06273825822E+003
601 4 1 72   5.00000000000E+002  5.00000000000E+002  4.22031111584E+002  2.60198886817E+002  2.03788540492E+003
601 4 1 76   5.00000000000E+002  5.00000000000E+002  4.46886155571E+002  2.59709846942E+002  2.01303138196E+003
601 4 1 80   5.00000000000E+002  5.00000000000E+002  4.71742204480E+002  2.59228567710E+002  1.98817635576E+003
601 4 1 84   5.00000000000E+002  5.00000000000E+002  4.96599115339E+002  2.58755196132E+002  1.96332046904E+003
601 4 1 88   5.00000000000E+002  5.00000000000E+002  5.21456765514E+002  2.58289862245E+002  1.93846384425E+003
601 4 1 92   5.00000000000E+002  5.00000000000E+002  5.46315049810E+002  2.57832679903E+002  1.91360658638E+003
601 4 1 96   5.00000000000E+002  5.00000000000E+002  5.71173877992E+002  2.57383747495E+002  1.88874878554E+003
601 4 1 100   5.00000000000E+002  5.00000000000E+002  5.96033172655E+002  2.56943148627E+002  1.86389051900E+003
601 4 1 104   5.00000000000E+002  5.00000000000E+002  6.20892867401E+002  2.56510952759E+002  1.83903185303E+003
601 4 1 108   5.00000000000E+002  5.00000000000E+002  6.45752905267E+002  2.56087215809E+002  1.81417284452E+003
601 4 1 112   5.00000000000E+002  5.00000000000E+002  6.70613237389E+002  2.55671980738E+002  1.78931354225E+003
601 4 1 116   5.00000000000E+002  5.00000000000E+002  6.95473821840E+002  2.55265278108E+002  1.76445398806E+003
601 4 1 120   5.00000000000E+002  5.00000000000E+002  7.20334622649E+002  2.54867126631E+002  1.73959421788E+003
601 4 1 124   5.00000000000E+002  5.00000000000E+002  7.45195608948E+002  2.54477533703E+002  1.71473426252E+003
601 4 1 128   5.00000000000E+002  5.00000000000E+002  7.70056754245E+002  2.54096495920E+002  1.68987414843E+003
601 4 1 132   5.00000000000E+002  5.00000000000E+002  7.94918035798E+002  2.53723999593E+002  1.66501389830E+003
601 4 1 136   5.00000000000E+002  5.00000000000E+002  8.19779434081E+002  2.53360021248E+002  1.64015353164E+003
601 4 1 140   5.00000000000E+002  5.00000000000E+002  8.44640932321E+002  2.53004528119E+002  1.61529306519E+003
601 4 1 144   5.00000000000E+002  5.00000000000E+002  8.69502516104E+002  2.52657478627E+002  1.59043251334E+003
601 4 1 148   5.00000000000E+002  5.00000000000E+002  8.94364173031E+002  2.52318822857E+002  1.56557188847E+003
601 4 1 152   5.00000000000E+002  5.00000000000E+002  9.19225892433E+002  2.51988503022E+002  1.54071120123E+003
601 4 1 156   5.00000000000E+002  5.00000000000E+002  9.44087665111E+002  2.51666453916E+002  1.51585046080E+003
601 4 1 160   5.00000000000E+002  5.00000000000E+002  9.68949483125E+002  2.51352603357E+002  1.49098967510E+003
601 4 1 164   5.00000000000E+002  5.00000000000E+002  9.93811339604E+002  2.51046872622E+002  1.46612885101E+003
601 4 1 168   5.00000000000E+002  5.00000000000E+002  1.01867322858E+003  2.50749176874E+002  1.44126799447E+003
601 4 1 172   5.00000000000E+002  5.00000000000E+002  1.04353514487E+003  2.50459425566E+002  1.41640711068E+003
601 4 1 176   5.00000000000E+002  5.00000000000E+002  1.06839708390E+003  2.50177522851E+002  1.39154620417E+003
601 4 1 180   5.00000000000E+002  5.00000000000E+002  1.09325904168E+003  2.49903367967E+002  1.36668527895E+003
601 4 1 184   5.00000000000E+002  5.00000000000E+002  1.11812101461E+003  2.49636855620E+002  1.34182433860E+003
601 4 1 188   5.00000000000E+002  5.00000000000E+002  1.14298299949E+003  2.49377876348E+002  1.31696338632E+003
601 4 1 192   5.00000000000E+002  5.00000000000E+002  1.16784499337E+003  2.49126316880E+002  1.29210242505E+003
601 4 1 196   5.00000000000E+002  5.00000000000E+002  1.19270699355E+003  2.48882060483E+002  1.26724145750E+003
601 4 1 200   5.00000000000E+002  5.00000000000E+002  1.21756899744E+003  2.48644987292E+002  1.24238048624E+003
601 4 1 204   5.00000000000E+002  5.00000000000E+002  1.24243100256E+003  2.48414974638E+002  1.21751951376E+003
601 4 1 208   5.00000000000E+002  5.00000000000E+002  1.26729300645E+003  2.48191897362E+002  1.19265854250E+003
601 4 1 212   5.00000000000E+002  5.00000000000E+002  1.29215500663E+003  2.47975628118E+002  1.16779757495E+003
601 4 1 216   5.00000000000E+002  5.00000000000E+002  1.31701700051E+003  2.47766037672E+002  1.14293661368E+003
601 4 1 220   5.00000000000E+002  5.00000000000E+002  1.34187898539E+003  2.47562995193E+002  1.11807566140E+003
601 4 1 224   5.00000000000E+002  5.00000000000E+002  1.36674095832E+003  2.47366368546E+002  1.09321472105E+003
601 4 1 228   5.00000000000E+002  5.00000000000E+002  1.39160291610E+003  2.47176024589E+002  1.06835379583E+003
601 4 1 232   5.00000000000E+002  5.00000000000E+002  1.41646485513E+003  2.46991829474E+002  1.04349288932E+003
601 4 1 236   5.00000000000E+002  5.00000000000E+002  1.44132677142E+003  2.46813648988E+002  1.01863200553E+003
601 4 1 240   5.00000000000E+002  5.00000000000E+002  1.46618866040E+003  2.46641348920E+002  9.93771148987E+002
601 4 1 244   5.00000000000E+002  5.00000000000E+002  1.49105051687E+003  2.46474795508E+002  9.68910324895E+002
601 4 1 248   5.00000000000E+002  5.00000000000E+002  1.51591233489E+003  2.46313855980E+002  9.44049539204E+002
601 4 1 252   5.00000000000E+002  5.00000000000E+002  1.54077410757E+003  2.46158399248E+002  9.19188798774E+002
601 4 1 256   5.00000000000E+002  5.00000000000E+002  1.56563582697E+003  2.46008296815E+002  8.94328111531E+002
601 4 1 260   5.00000000000E+002  5.00000000000E+002  1.59049748390E+003  2.45863423984E+002  8.69467486658E+002
601 4 1 264   5.00000000000E+002  5.00000000000E+002  1.61535906768E+003  2.45723661474E+002  8.44606934808E+002
601 4 1 268   5.00000000000E+002  5.00000000000E+002  1.64022056592E+003  2.45588897581E+002  8.19746468358E+002
601 4 1 272   5.00000000000E+002  5.00000000000E+002  1.66508196420E+003  2.45459031063E+002  7.94886101698E+002
601 4 1 276   5.00000000000E+002  5.00000000000E+002  1.68994324576E+003  2.45333974946E+002  7.70025851573E+002
601 4 1 280   5.00000000000E+002  5.00000000000E+002  1.71480439105E+003  2.45213661500E+002  7.45165737479E+002
601 4 1 284   5.00000000000E+002  5.00000000000E+002  1.73966537735E+003  2.45098048652E+002  7.20305782116E+002
601 4 1 288   5.00000000000E+002  5.00000000000E+002  1.76452617816E+003  2.44987128141E+002  6.95446011935E+002
601 4 1 292   5.00000000000E+002  5.00000000000E+002  1.78938676261E+003  2.44880935725E+002  6.70586457751E+002
601 4 1 296   5.00000000000E+002  5.00000000000E+002  1.81424709473E+003  2.44779563747E+002  6.45727155476E+002
601 4 1 300   5.00000000000E+002  5.00000000000E+002  1.83910713260E+003  2.44683176346E+002  6.20868146965E+002
601 4 1 304   5.00000000000E+002  5.00000000000E+002  1.86396682734E+003  2.44592027522E+002  5.96009481004E+002
601 4 1 308   5.00000000000E+002  5.00000000000E+002  1.88882612201E+003  2.44506482196E+002  5.71151214458E+002
601 4 1 312   5.00000000000E+002  5.00000000000E+002  1.91368495019E+003  2.44427040240E+002  5.46293413616E+002
601 4 1 316   5.00000000000E+002  5.00000000000E+002  1.93854323449E+003  2.44354363306E+002  5.21436155754E+002
601 4 1 320   5.00000000000E+002  5.00000000000E+002  1.96340088466E+003  2.44289304059E+002  4.96579530955E+002
601 4 1 324   5.00000000000E+002  5.00000000000E+002  1.98825779552E+003  2.44232937171E+002  4.71723644240E+002
601 4 1 328   5.00000000000E+002  5.00000000000E+002  2.01311384443E+003  2.44186591212E+002  4.46868618039E+002
601 4 1 332   5.00000000000E+002  5.00000000000E+002  2.03796888842E+003  2.44151880271E+002  4.22014595085E+002
601 4 1 336   5.00000000000E+002  5.00000000000E+002  2.06282276081E+003  2.44130733961E+002  3.97161741776E+002
601 4 1 340   5.00000000000E+002  5.00000000000E+002  2.08767526728E+003  2.44125424240E+002  3.72310252105E+002
601 4 1 344   5.00000000000E+002  5.00000000000E+002  2.11252618130E+003  2.44138587380E+002  3.47460352233E+002
601 4 1 348   5.00000000000E+002  5.00000000000E+002  2.13737523876E+003  2.44173239386E+002  3.22612305829E+002
601 4 1 352   5.00000000000E+002  5.00000000000E+002  2.16222213175E+003  2.44232783240E+002  2.97766420283E+002
601 4 1 356   5.00000000000E+002  5.00000000000E+002  2.18706650131E+003  2.44321006516E+002  2.72923053965E+002
601 4 1 360   5.00000000000E+002  5.00000000000E+002  2.21190792894E+003  2.44442068205E+002  2.48082624675E+002
601 4 1 364   5.00000000000E+002  5.00000000000E+002  2.23674592674E+003  2.44600473947E+002  2.23245619500E+002
601 4 1 368   5.00000000000E+002  5.00000000000E+002  2.26157992590E+003  2.44801039293E+002  1.98412606304E+002
601 4 1 372   5.00000000000E+002  5.00000000000E+002  2.28640926326E+003  2.45048841088E+002  1.73584247130E+002
601 4 1 376   5.00000000000E+002  5.00000000000E+002  2.31123316571E+003  2.45349157491E+002  1.48761313810E+002
601 4 1 380   5.00000000000E+002  5.00000000000E+002  2.33605073191E+003  2.45707397595E+002  1.23944706178E+002
601 4 1 384   5.00000000000E+002  5.00000000000E+002  2.36086091105E+003  2.46129021895E+002  9.91354732988E+001
601 4 1 388   5.00000000000E+002  5.00000000000E+002  2.38566247804E+003  2.46619455118E+002  7.43348382136E+001
601 4 1 392   5.00000000000E+002  5.00000000000E+002  2.41045400463E+003  2.47183993032E+002  4.95442267945E+001
601 4 1 396   5.00000000000E+002  5.00000000000E+002  2.43523382570E+003  2.47827704853E+002  2.47653013817E+001
601 4 1 397   5.00000000000E+002  5.00000000000E+002  2.46000000000E+003  2.48555332752E+002  0.00000000000E+000
801 5 1 1   5.00000000000E+002  5.00000000000E+002  0.00000000000E+000  2.69450000000E+002  2.47990000000E+003
801 5 1 8   5.00000000000E+002  5.00000000000E+002  2.49407576505E+001  2.68877052607E+002  2.45496011527E+003
801 5 1 12   5.00000000000E+002  5.00000000000E+002  4.98997110019E+001  2.68304846021E+002  2.43000205758E+003
801 5 1 16   5.00000000000E+002  5.00000000000E+002  7.48742717073E+001  2.67734165632E+002  2.40502841204E+003
801 5 1 20   5.00000000000E+002  5.00000000000E+002  9.98622196129E+001  2.67165725190E+002  2.38004139604E+003
801 5 1 24   5.00000000000E+002  5.00000000000E+002  1.24861650382E+002  2.66600173906E+002  2.35504291153E+003
801 5 1 28   5.00000000000E+002  5.00000000000E+002  1.49870930570E+002  2.66038102813E+002  2.33003458991E+003
801 5 1 32   5.00000000000E+002  5.00000000000E+002  1.74888659090E+002  2.65480050442E+002  2.30501783052E+003
801 5 1 36   5.00000000000E+002  5.00000000000E+002  1.99913634160E+002  2.64926507847E+002  2.27999383364E+003
801 5 1 40   5.00000000000E+002  5.00000000000E+002  2.24944824950E+002  2.64377923033E+002  2.25496362881E+003
801 5 1 44   5.00000000000E+002  5.00000000000E+002  2.49981347267E+002  2.63834704863E+002  2.22992809911E+003
801 5 1 48   5.00000000000E+002  5.00000000000E+002  2.75022442692E+002  2.63297226484E+002  2.20488800203E+003
801 5 1 52   5.00000000000E+002  5.00000000000E+002  3.00067460691E+002  2.62765828330E+002  2.17984398727E+003
801 5 1 56   5.00000000000E+002  5.00000000000E+002  3.25115843268E+002  2.62240820757E+002  2.15479661214E+003
801 5 1 60   5.00000000000E+002  5.00000000000E+002  3.50167111801E+002  2.61722486354E+002  2.12974635466E+003
801 5 1 64   5.00000000000E+002  5.00000000000E+002  3.75220855747E+002  2.61211081970E+002  2.10469362487E+003
801 5 1 68   5.00000000000E+002  5.00000000000E+002  4.00276722966E+002  2.60706840498E+002  2.07963877445E+003
801 5 1 72   5.00000000000E+002  5.00000000000E+002  4.25334411405E+002  2.60209972446E+002  2.05458210509E+003
801 5 1 76   5.00000000000E+002  5.00000000000E+002  4.50393661974E+002  2.59720667336E+002  2.02952387556E+003
801 5 1 80   5.00000000000E+002  5.00000000000E+002  4.75454252437E+002  2.59239094937E+002  2.00446430780E+003
801 5 1 84   5.00000000000E+002  5.00000000000E+002  5.00515992169E+002  2.58765406376E+002  1.97940359221E+003
801 5 1 88   5.00000000000E+002  5.00000000000E+002  5.25578717655E+002  2.58299735141E+002  1.95434189211E+003
801 5 1 92   5.00000000000E+002  5.00000000000E+002  5.50642288636E+002  2.57842197981E+002  1.92927934756E+003
801 5 1 96   5.00000000000E+002  5.00000000000E+002  5.75706584797E+002  2.57392895743E+002  1.90421607874E+003
801 5 1 100   5.00000000000E+002  5.00000000000E+002  6.00771502934E+002  2.56951914128E+002  1.87915218872E+003
801 5 1 104   5.00000000000E+002  5.00000000000E+002  6.25836954514E+002  2.56519324414E+002  1.85408776592E+003
801 5 1 108   5.00000000000E+002  5.00000000000E+002  6.50902863589E+002  2.56095184114E+002  1.82902288620E+003
801 5 1 112   5.00000000000E+002  5.00000000000E+002  6.75969165003E+002  2.55679537615E+002  1.80395761463E+003
801 5 1 116   5.00000000000E+002  5.00000000000E+002  7.01035802857E+002  2.55272416776E+002  1.77889200705E+003
801 5 1 120   5.00000000000E+002  5.00000000000E+002  7.26102729189E+002  2.54873841505E+002  1.75382611134E+003
801 5 1 124   5.00000000000E+002  5.00000000000E+002  7.51169902840E+002  2.54483820319E+002  1.72875996863E+003
801 5 1 128   5.00000000000E+002  5.00000000000E+002  7.76237288488E+002  2.54102350878E+002  1.70369361418E+003
801 5 1 132   5.00000000000E+002  5.00000000000E+002  8.01304855811E+002  2.53729420507E+002  1.67862707829E+003
801 5 1 136   5.00000000000E+002  5.00000000000E+002  8.26372578775E+002  2.53365006710E+002  1.65356038695E+003
801 5 1 140   5.00000000000E+002  5.00000000000E+002  8.51440435014E+002  2.53009077664E+002  1.62849356250E+003
801 5 1 144   5.00000000000E+002  5.00000000000E+002  8.76508405310E+002  2.52661592703E+002  1.60342662414E+003
801 5 1 148   5.00000000000E+002  5.00000000000E+002  9.01576473133E+002  2.52322502794E+002  1.57835958837E+003
801 5 1 152   5.00000000000E+002  5.00000000000E+002  9.26644624254E+002  2.51991751000E+002  1.55329246941E+003
801 5 1 156   5.00000000000E+002  5.00000000000E+002  9.51712846410E+002  2.51669272936E+002  1.52822527950E+003
801 5 1 160   5.00000000000E+002  5.00000000000E+002  9.76781129015E+002  2.51354997208E+002  1.50315802921E+003
801 5 1 164   5.00000000000E+002  5.00000000000E+002  1.00184946291E+003  2.51048845850E+002  1.47809072771E+003
801 5 1 168   5.00000000000E+002  5.00000000000E+002  1.02691784013E+003  2.50750734743E+002  1.45302338293E+003
801 5 1 172   5.00000000000E+002  5.00000000000E+002  1.05198625376E+003  2.50460574030E+002  1.42795600178E+003
801 5 1 176   5.00000000000E+002  5.00000000000E+002  1.07705469773E+003  2.50178268517E+002  1.40288859034E+003
801 5 1 180   5.00000000000E+002  5.00000000000E+002  1.10212316668E+003  2.49903718065E+002  1.37782115395E+003
801 5 1 184   5.00000000000E+002  5.00000000000E+002  1.12719165584E+003  2.49636817976E+002  1.35275369737E+003
801 5 1 188   5.00000000000E+002  5.00000000000E+002  1.15226016093E+003  2.49377459363E+002  1.32768622488E+003
801 5 1 192   5.00000000000E+002  5.00000000000E+002  1.17732867803E+003  2.49125529523E+002  1.30261874039E+003
801 5 1 196   5.00000000000E+002  5.00000000000E+002  1.20239720352E+003  2.48880912296E+002  1.27755124753E+003
801 5 1 200   5.00000000000E+002  5.00000000000E+002  1.22746573396E+003  2.48643488425E+002  1.25248374972E+003
801 5 1 204   5.00000000000E+002  5.00000000000E+002  1.25253426604E+003  2.48413135919E+002  1.22741625028E+003
801 5 1 208   5.00000000000E+002  5.00000000000E+002  1.27760279648E+003  2.48189730423E+002  1.20234875247E+003
801 5 1 212   5.00000000000E+002  5.00000000000E+002  1.30267132197E+003  2.47973145602E+002  1.17728125961E+003
801 5 1 216   5.00000000000E+002  5.00000000000E+002  1.32773983907E+003  2.47763253553E+002  1.15221377512E+003
801 5 1 220   5.00000000000E+002  5.00000000000E+002  1.35280834416E+003  2.47559925258E+002  1.12714630263E+003
801 5 1 224   5.00000000000E+002  5.00000000000E+002  1.37787683332E+003  2.47363031096E+002  1.10207884605E+003
801 5 1 228   5.00000000000E+002  5.00000000000E+002  1.40294530227E+003  2.47172441448E+002  1.07701140966E+003
801 5 1 232   5.00000000000E+002  5.00000000000E+002  1.42801374624E+003  2.46988027417E+002  1.05194399822E+003
801 5 1 236   5.00000000000E+002  5.00000000000E+002  1.45308215987E+003  2.46809661709E+002  1.02687661707E+003
801 5 1 240   5.00000000000E+002  5.00000000000E+002  1.47815053709E+003  2.46637219736E+002  1.00180927229E+003
801 5 1 244   5.00000000000E+002  5.00000000000E+002  1.50321887098E+003  2.46470580994E+002  9.76741970786E+002
801 5 1 248   5.00000000000E+002  5.00000000000E+002  1.52828715359E+003  2.46309630802E+002  9.51674720504E+002
801 5 1 252   5.00000000000E+002  5.00000000000E+002  1.55335537575E+003  2.46154262496E+002  9.26607530595E+002
801 5 1 256   5.00000000000E+002  5.00000000000E+002  1.57842352687E+003  2.46004380178E+002  9.01540411632E+002
801 5 1 260   5.00000000000E+002  5.00000000000E+002  1.60349159469E+003  2.45859902156E+002  8.76473375864E+002
801 5 1 264   5.00000000000E+002  5.00000000000E+002  1.62855956499E+003  2.45720765200E+002  8.51406437501E+002
801 5 1 268   5.00000000000E+002  5.00000000000E+002  1.65362742122E+003  2.45586929758E+002  8.26339613051E+002
801 5 1 272   5.00000000000E+002  5.00000000000E+002  1.67869514419E+003  2.45458386303E+002  8.01272921711E+002
801 5 1 276   5.00000000000E+002  5.00000000000E+002  1.70376271151E+003  2.45335162934E+002  7.76206385817E+002
801 5 1 280   5.00000000000E+002  5.00000000000E+002  1.72883009716E+003  2.45217334387E+002  7.51140031370E+002
801 5 1 284   5.00000000000E+002  5.00000000000E+002  1.75389727081E+003  2.45105032583E+002  7.26073888656E+002
801 5 1 288   5.00000000000E+002  5.00000000000E+002  1.77896419714E+003  2.44998458770E+002  7.01007992952E+002
801 5 1 292   5.00000000000E+002  5.00000000000E+002  1.80403083500E+003  2.44897897331E+002  6.75942385365E+002
801 5 1 296   5.00000000000E+002  5.00000000000E+002  1.82909713641E+003  2.44803731210E+002  6.50877113797E+002
801 5 1 300   5.00000000000E+002  5.00000000000E+002  1.85416304549E+003  2.44716458864E+002  6.25812234079E+002
801 5 1 304   5.00000000000E+002  5.00000000000E+002  1.87922849707E+003  2.44636712552E+002  6.00747811283E+002
801 5 1 308   5.00000000000E+002  5.00000000000E+002  1.90429341520E+003  2.44565277664E+002  5.75683921263E+002
801 5 1 312   5.00000000000E+002  5.00000000000E+002  1.92935771136E+003  2.44503112693E+002  5.50620652441E+002
801 5 1 316   5.00000000000E+002  5.00000000000E+002  1.95442128234E+003  2.44451369351E+002  5.25558107895E+002
801 5 1 320   5.00000000000E+002  5.00000000000E+002  1.97948400783E+003  2.44411412212E+002  5.00496407785E+002
801 5 1 324   5.00000000000E+002  5.00000000000E+002  2.00454574756E+003  2.44384837195E+002  4.75435692198E+002
801 5 1 328   5.00000000000E+002  5.00000000000E+002  2.02960633803E+003  2.44373488114E+002  4.50376124442E+002
801 5 1 332   5.00000000000E+002  5.00000000000E+002  2.05466558860E+003  2.44379470497E+002  4.25317894905E+002
801 5 1 336   5.00000000000E+002  5.00000000000E+002  2.07972327703E+003  2.44405161857E+002  4.00261225548E+002
801 5 1 340   5.00000000000E+002  5.00000000000E+002  2.10477914425E+003  2.44453217630E+002  3.75206375132E+002
801 5 1 344   5.00000000000E+002  5.00000000000E+002  2.12983288820E+003  2.44526572050E+002  3.50153645335E+002
801 5 1 348   5.00000000000E+002  5.00000000000E+002  2.15488415673E+003  2.44628433361E+002  3.25103387858E+002
801 5 1 352   5.00000000000E+002  5.00000000000E+002  2.17993253931E+003  2.44762272852E+002  3.00056012729E+002
801 5 1 356   5.00000000000E+002  5.00000000000E+002  2.20497755731E+003  2.44931807395E+002  2.75011997972E+002
801 5 1 360   5.00000000000E+002  5.00000000000E+002  2.23001865273E+003  2.45140975306E+002  2.49971900886E+002
801 5 1 364   5.00000000000E+002  5.00000000000E+002  2.25505517505E+003  2.45393905530E+002  2.24936371192E+002
801 5 1 368   5.00000000000E+002  5.00000000000E+002  2.28008636584E+003  2.45694880293E+002  1.99906166359E+002
801 5 1 372   5.00000000000E+002  5.00000000000E+002  2.30511134091E+003  2.46048291514E+002  1.74882169478E+002
801 5 1 376   5.00000000000E+002  5.00000000000E+002  2.33012906943E+003  2.46458591344E+002  1.49865410089E+002
801 5 1 378   5.00000000000E+002  5.00000000000E+002  2.35513834962E+003  2.46930237288E+002  1.24857088470E+002
801 5 1 382   5.00000000000E+002  5.00000000000E+002  2.38013778039E+003  2.47467632348E+002  9.98586039596E+001
801 5 1 386   5.00000000000E+002  5.00000000000E+002  2.40512572829E+003  2.48075060634E+002  7.48715879586E+001
801 5 1 390   5.00000000000E+002  5.00000000000E+002  2.43010028900E+003  2.48756618770E+002  4.98979424237E+001
801 5 1 394   5.00000000000E+002  5.00000000000E+002  2.45505924235E+003  2.49516143352E+002  2.49398847337E+001
801 5 1 397   5.00000000000E+002  5.00000000000E+002  2.48000000000E+003  2.50357134554E+002  0.00000000000E+000
1000 6 1 1   5.00000000000E+002  5.00000000000E+002  0.00000000000E+000  2.69450000000E+002  2.49980000000E+003
1000 6 1 8   5.00000000000E+002  5.00000000000E+002  2.51144680857E+001  2.68879512899E+002  2.47468640483E+003
1000 6 1 12   5.00000000000E+002  5.00000000000E+002  5.02516580530E+001  2.68309336802E+002  2.44955011052E+003
1000 6 1 16   5.00000000000E+002  5.00000000000E+002  7.54083377036E+001  2.67740316452E+002  2.42439434604E+003
1000 6 1 20   5.00000000000E+002  5.00000000000E+002  1.00581734620E+002  2.67173217660E+002  2.39922188103E+003
1000 6 1 24   5.00000000000E+002  5.00000000000E+002  1.25769470763E+002  2.66608735089E+002  2.37403509115E+003
1000 6 1 28   5.00000000000E+002  5.00000000000E+002  1.50969506367E+002  2.66047499296E+002  2.34883601411E+003
1000 6 1 32   5.00000000000E+002  5.00000000000E+002  1.76180091827E+002  2.65490083058E+002  2.32362639778E+003
1000 6 1 36   5.00000000000E+002  5.00000000000E+002  2.01399726415E+002  2.64937007002E+002  2.29840774139E+003
1000 6 1 40   5.00000000000E+002  5.00000000000E+002  2.26627122884E+002  2.64388744605E+002  2.27318133087E+003
1000 6 1 44   5.00000000000E+002  5.00000000000E+002  2.51861177096E+002  2.63845726602E+002  2.24794826928E+003
1000 6 1 48   5.00000000000E+002  5.00000000000E+002  2.77100941978E+002  2.63308344879E+002  2.22270950274E+003
1000 6 1 52   5.00000000000E+002  5.00000000000E+002  3.02345605174E+002  2.62776955879E+002  2.19746584279E+003
1000 6 1 56   5.00000000000E+002  5.00000000000E+002  3.27594469887E+002  2.62251883606E+002  2.17221798552E+003
1000 6 1 60   5.00000000000E+002  5.00000000000E+002  3.52846938437E+002  2.61733422254E+002  2.14696652803E+003
1000 6 1 64   5.00000000000E+002  5.00000000000E+002  3.78102498160E+002  2.61221838516E+002  2.12171198245E+003
1000 6 1 68   5.00000000000E+002  5.00000000000E+002  4.03360709319E+002  2.60717373620E+002  2.09645478810E+003
1000 6 1 72   5.00000000000E+002  5.00000000000E+002  4.28621194726E+002  2.60220245117E+002  2.07119532177E+003
1000 6 1 76   5.00000000000E+002  5.00000000000E+002  4.53883630844E+002  2.59730648465E+002  2.04593390669E+003
1000 6 1 80   5.00000000000E+002  5.00000000000E+002  4.79147740155E+002  2.59248758438E+002  2.02067082008E+003
1000 6 1 84   5.00000000000E+002  5.00000000000E+002  5.04413284616E+002  2.58774730380E+002  1.99540629977E+003
1000 6 1 88   5.00000000000E+002  5.00000000000E+002  5.29680060036E+002  2.58308701330E+002  1.97014054972E+003
1000 6 1 92   5.00000000000E+002  5.00000000000E+002  5.54947891267E+002  2.57850791041E+002  1.94487374493E+003
1000 6 1 96   5.00000000000E+002  5.00000000000E+002  5.80216628068E+002  2.57401102903E+002  1.91960603547E+003
1000 6 1 100   5.00000000000E+002  5.00000000000E+002  6.05486141562E+002  2.56959724788E+002  1.89433755009E+003
1000 6 1 104   5.00000000000E+002  5.00000000000E+002  6.30756321192E+002  2.56526729839E+002  1.86906839924E+003
1000 6 1 108   5.00000000000E+002  5.00000000000E+002  6.56027072119E+002  2.56102177188E+002  1.84379867767E+003
1000 6 1 112   5.00000000000E+002  5.00000000000E+002  6.81298312980E+002  2.55686112642E+002  1.81852846666E+003
1000 6 1 116   5.00000000000E+002  5.00000000000E+002  7.06569973970E+002  2.55278569324E+002  1.79325783594E+003
1000 6 1 120   5.00000000000E+002  5.00000000000E+002  7.31841995196E+002  2.54879568285E+002  1.76798684534E+003
1000 6 1 124   5.00000000000E+002  5.00000000000E+002  7.57114325262E+002  2.54489119081E+002  1.74271554621E+003
1000 6 1 128   5.00000000000E+002  5.00000000000E+002  7.82386920060E+002  2.54107220339E+002  1.71744398261E+003
1000 6 1 132   5.00000000000E+002  5.00000000000E+002  8.07659741725E+002  2.53733860290E+002  1.69217219237E+003
1000 6 1 136   5.00000000000E+002  5.00000000000E+002  8.32932757745E+002  2.53369017295E+002  1.66690020798E+003
1000 6 1 140   5.00000000000E+002  5.00000000000E+002  8.58205940194E+002  2.53012660345E+002  1.64162805732E+003
1000 6 1 144   5.00000000000E+002  5.00000000000E+002  8.83479265070E+002  2.52664749561E+002  1.61635576438E+003
1000 6 1 148   5.00000000000E+002  5.00000000000E+002  9.08752711733E+002  2.52325236666E+002  1.59108334977E+003
1000 6 1 152   5.00000000000E+002  5.00000000000E+002  9.34026262416E+002  2.51994065455E+002  1.56581083124E+003
1000 6 1 156   5.00000000000E+002  5.00000000000E+002  9.59299901804E+002  2.51671172255E+002  1.54053822410E+003
1000 6 1 160   5.00000000000E+002  5.00000000000E+002  9.84573616676E+002  2.51356486369E+002  1.51526554155E+003
1000 6 1 164   5.00000000000E+002  5.00000000000E+002  1.00984739559E+003  2.51049930513E+002  1.48999279502E+003
1000 6 1 168   5.00000000000E+002  5.00000000000E+002  1.03512122862E+003  2.50751421251E+002  1.46471999444E+003
1000 6 1 172   5.00000000000E+002  5.00000000000E+002  1.06039510711E+003  2.50460869416E+002  1.43944714843E+003
1000 6 1 176   5.00000000000E+002  5.00000000000E+002  1.08566902349E+003  2.50178180527E+002  1.41417426458E+003
1000 6 1 180   5.00000000000E+002  5.00000000000E+002  1.11094297106E+003  2.49903255211E+002  1.38890134957E+003
1000 6 1 184   5.00000000000E+002  5.00000000000E+002  1.13621694387E+003  2.49635989616E+002  1.36362840934E+003
1000 6 1 188   5.00000000000E+002  5.00000000000E+002  1.16149093657E+003  2.49376275837E+002  1.33835544924E+003
1000 6 1 192   5.00000000000E+002  5.00000000000E+002  1.18676494427E+003  2.49124002351E+002  1.31308247415E+003
1000 6 1 196   5.00000000000E+002  5.00000000000E+002  1.21203896244E+003  2.48879054470E+002  1.28780948861E+003
1000 6 1 200   5.00000000000E+002  5.00000000000E+002  1.23731298680E+003  2.48641314829E+002  1.26253649688E+003
1000 6 1 204   5.00000000000E+002  5.00000000000E+002  1.26258701320E+003  2.48410663911E+002  1.23726350312E+003
1000 6 1 208   5.00000000000E+002  5.00000000000E+002  1.28786103756E+003  2.48186980634E+002  1.21199051139E+003
1000 6 1 212   5.00000000000E+002  5.00000000000E+002  1.31313505573E+003  2.47970143023E+002  1.18671752585E+003
1000 6 1 216   5.00000000000E+002  5.00000000000E+002  1.33840906343E+003  2.47760028983E+002  1.16144455076E+003
1000 6 1 220   5.00000000000E+002  5.00000000000E+002  1.36368305613E+003  2.47556517217E+002  1.13617159066E+003
1000 6 1 224   5.00000000000E+002  5.00000000000E+002  1.38895702894E+003  2.47359488315E+002  1.11089865043E+003
1000 6 1 228   5.00000000000E+002  5.00000000000E+002  1.41423097651E+003  2.47168826073E+002  1.08562573542E+003
1000 6 1 232   5.00000000000E+002  5.00000000000E+002  1.43950489289E+003  2.46984419084E+002  1.06035285157E+003
1000 6 1 236   5.00000000000E+002  5.00000000000E+002  1.46477877138E+003  2.46806162665E+002  1.03508000556E+003
1000 6 1 240   5.00000000000E+002  5.00000000000E+002  1.49005260441E+003  2.46633961189E+002  1.00980720498E+003
1000 6 1 244   5.00000000000E+002  5.00000000000E+002  1.51532638332E+003  2.46467730906E+002  9.84534458446E+002
1000 6 1 248   5.00000000000E+002  5.00000000000E+002  1.54060009820E+003  2.46307403314E+002  9.59261775897E+002
1000 6 1 252   5.00000000000E+002  5.00000000000E+002  1.56587373758E+003  2.46152929186E+002  9.33989168757E+002
1000 6 1 256   5.00000000000E+002  5.00000000000E+002  1.59114728827E+003  2.46004283336E+002  9.08716650233E+002
1000 6 1 260   5.00000000000E+002  5.00000000000E+002  1.61642073493E+003  2.45861470192E+002  8.83444235624E+002
1000 6 1 264   5.00000000000E+002  5.00000000000E+002  1.64169405981E+003  2.45724530286E+002  8.58171942680E+002
1000 6 1 268   5.00000000000E+002  5.00000000000E+002  1.66696724225E+003  2.45593547697E+002  8.32899792022E+002
1000 6 1 272   5.00000000000E+002  5.00000000000E+002  1.69224025827E+003  2.45468658514E+002  8.07627807625E+002
1000 6 1 276   5.00000000000E+002  5.00000000000E+002  1.71751307994E+003  2.45350060345E+002  7.82356017389E+002
1000 6 1 280   5.00000000000E+002  5.00000000000E+002  1.74278567474E+003  2.45238022854E+002  7.57084453793E+002
1000 6 1 284   5.00000000000E+002  5.00000000000E+002  1.76805800480E+003  2.45132899296E+002  7.31813154663E+002
1000 6 1 288   5.00000000000E+002  5.00000000000E+002  1.79333002603E+003  2.45035138949E+002  7.06542164065E+002
1000 6 1 292   5.00000000000E+002  5.00000000000E+002  1.81860168702E+003  2.44945300317E+002  6.81271533342E+002
1000 6 1 296   5.00000000000E+002  5.00000000000E+002  1.84387292788E+003  2.44864064904E+002  6.56001322327E+002
1000 6 1 300   5.00000000000E+002  5.00000000000E+002  1.86914367881E+003  2.44792251316E+002  6.30731600756E+002
1000 6 1 304   5.00000000000E+002  5.00000000000E+002  1.89441385844E+003  2.44730829389E+002  6.05462449910E+002
1000 6 1 308   5.00000000000E+002  5.00000000000E+002  1.91968337193E+003  2.44680933987E+002  5.80193964534E+002
1000 6 1 312   5.00000000000E+002  5.00000000000E+002  1.94495210873E+003  2.44643878078E+002  5.54926255073E+002
1000 6 1 316   5.00000000000E+002  5.00000000000E+002  1.97021993996E+003  2.44621164656E+002  5.29659450275E+002
1000 6 1 320   5.00000000000E+002  5.00000000000E+002  1.99548671538E+003  2.44614497046E+002  5.04393700231E+002
1000 6 1 324   5.00000000000E+002  5.00000000000E+002  2.02075225984E+003  2.44625787141E+002  4.79129179916E+002
1000 6 1 328   5.00000000000E+002  5.00000000000E+002  2.04601636916E+003  2.44657161112E+002  4.53866093312E+002
1000 6 1 332   5.00000000000E+002  5.00000000000E+002  2.07127880527E+003  2.44710962163E+002  4.28604678227E+002
1000 6 1 336   5.00000000000E+002  5.00000000000E+002  2.09653929068E+003  2.44789749940E+002  4.03345211901E+002
1000 6 1 340   5.00000000000E+002  5.00000000000E+002  2.12179750184E+003  2.44896296268E+002  3.78088017545E+002
1000 6 1 344   5.00000000000E+002  5.00000000000E+002  2.14705306156E+003  2.45033576945E+002  3.52833471971E+002
1000 6 1 348   5.00000000000E+002  5.00000000000E+002  2.17230553011E+003  2.45204759392E+002  3.27582014477E+002
1000 6 1 352   5.00000000000E+002  5.00000000000E+002  2.19755439483E+003  2.45413186053E+002  3.02334157212E+002
1000 6 1 356   5.00000000000E+002  5.00000000000E+002  2.22279905802E+003  2.45662353472E+002  2.77090497258E+002
1000 6 1 360   5.00000000000E+002  5.00000000000E+002  2.24803882290E+003  2.45955887087E+002  2.51851730715E+002
1000 6 1 364   5.00000000000E+002  5.00000000000E+002  2.27327287712E+003  2.46297511773E+002  2.26618669125E+002
1000 6 1 366   5.00000000000E+002  5.00000000000E+002  2.29850027359E+003  2.46691018244E+002  2.01392258614E+002
1000 6 1 370   5.00000000000E+002  5.00000000000E+002  2.32371990817E+003  2.47140225393E+002  1.76173602215E+002
1000 6 1 374   5.00000000000E+002  5.00000000000E+002  2.34893049363E+003  2.47648938666E+002  1.50963985886E+002
1000 6 1 378   5.00000000000E+002  5.00000000000E+002  2.37413052924E+003  2.48220904502E+002  1.25764908851E+002
1000 6 1 382   5.00000000000E+002  5.00000000000E+002  2.39931826538E+003  2.48859760807E+002  1.00578118967E+002
1000 6 1 386   5.00000000000E+002  5.00000000000E+002  2.42449166230E+003  2.49568983377E+002  7.54056539549E+001
1000 6 1 390   5.00000000000E+002  5.00000000000E+002  2.44964834195E+003  2.50351828034E+002  5.02498894748E+001
1000 6 1 394   5.00000000000E+002  5.00000000000E+002  2.47478553191E+003  2.51211268181E+002  2.51135951690E+001
1000 6 1 397   5.00000000000E+002  5.00000000000E+002  2.49990000000E+003  2.52149927347E+002  0.00000000000E+000
